"","Date","hour","corrPrior","corrPred","coh","mse","mseZero"
"1",1164934800,1,0.922182902493415,-0.497983321689234,408.96,132.736336,1776.94240948715
"2",1164938400,2,0.920182125357065,-0.459573760951876,408.92,145.643344,1820.2111148391
"3",1164942000,3,0.90657132877419,-0.462388790411732,408.56,149.576528,1898.45134920502
"4",1164945600,4,0.895581198977364,-0.209063320980841,408.36,135.975024,1973.80013267894
"5",1164949200,5,0.916848528773132,-0.0875641145400541,407.96,145.833008,2007.3316616929
"6",1164952800,6,0.939400895782799,0.0917973292241842,406.92,186.475312,2043.02319070687
"7",1164956400,7,0.958875082635157,0.354168726846225,406.12,175.032224,2064.85181793685
"8",1164960000,8,0.966081816310582,0.777520657969201,405.04,122.926912,2145.59487596477
"9",1164963600,9,0.968203955252619,0.784813279806876,404.16,154.446288,2167.82350319475
"10",1164967200,10,0.971052740376174,0.803927996080744,403.32,197.028928,2163.61777774876
"11",1164970800,11,0.969792273464318,0.610836617785238,402.36,209.800624,2159.49205230276
"12",1164974400,12,0.957684571888538,0.478557163756699,401.68,147.37688,2163.37777774876
"13",1164978000,13,0.961247792218521,0.218364531065838,400.92,142.582304,2196.90930676272
"14",1164981600,14,0.965449054652547,-0.097522532092266,400.16,114.386368,2228.95511033069
"15",1164985200,15,0.967517125356914,-0.73764992297521,399.72,648.861792,2289.64099202063
"16",1164988800,16,0.965443943899325,-0.780614564393927,398.76,897.246528,2415.0584808465
"17",1164992400,17,0.956528732712032,-0.841040354155355,397.68,511.071648,2525.4473424424
"18",1164996000,18,0.962214254636939,-0.801443303702693,397.16,591.740032,2631.3790277003
"19",1164999600,19,0.958673923078017,-0.778715924809443,396.48,779.052688,2764.68224197218
"20",1165003200,20,0.939662599200016,-0.809720621708613,396.04,1830.573792,2914.47690713604
"21",1165006800,21,0.932508355356787,-0.808875216979153,395.96,2755.399664,3077.90592497588
"22",1165010400,22,0.927813610494115,-0.785386150186899,395.92,3536.444208,3240.50066826171
"23",1165014000,23,0.917409518459177,-0.793037166556262,395.44,1469.832176,3391.12968610155
"24",1165017600,24,0.903014736513095,-0.744996398940444,395.08,1402.591392,3497.35854769744
"25",1165021200,1,0.915764950691366,-0.769060837509471,394.52,1249.666,3589.65595840135
"26",1165024800,2,0.899047985058168,-0.780007196573427,394.04,709.4212,3679.65619276726
"27",1165028400,3,0.95229761187072,-0.754087690117585,393.2,330.870928,3766.15925079519
"28",1165032000,4,0.960843443992188,-0.814758296168692,392.44,356.90728,3821.22223070114
"29",1165035600,5,0.957270276656132,-0.787988269029358,392.08,784.941552,3883.69093605309
"30",1165039200,6,0.943506360105917,-0.658078959392906,391.72,280.206336,3987.13117041901
"31",1165042800,7,0.941039263756009,-0.792582047165927,391.52,217.511248,4061.01705210895
"32",1165046400,8,0.951229318899058,-0.81758036883173,390.8,293.580624,4121.5657574609
"33",1165050000,9,0.943938587686869,-0.506161205125693,390.6,170.37792,4148.59438469088
"34",1165053600,10,0.923911527372575,-0.261672096681059,390.64,151.39824,4215.74881548883
"35",1165057200,11,0.925808758910515,0.0791889241805251,390.68,136.540128,4303.69187351675
"36",1165060800,12,0.918960425859471,-0.617444848647877,390.64,255.445504,4407.13210788267
"37",1165064400,13,0.924330743393398,-0.461404912704037,390.28,240.318176,4536.24096947856
"38",1165068000,14,0.930519093871349,-0.496895155932936,389.96,194.46136,4663.38410562846
"39",1165071600,15,0.935082374054439,-0.660525845375438,389.36,368.651968,4796.52724177836
"40",1165075200,16,0.924085668080416,-0.706999314479133,388.12,282.531856,4881.0988489143
"41",1165078800,17,0.931381057267224,-0.701083054032664,387.08,345.696688,4914.25320159027
"42",1165082400,18,0.949003472856222,-0.610594688153806,386.16,261.551472,4919.57892703627
"43",1165086000,19,0.960228220936014,-0.658693040225302,384.88,340.563168,4954.17327971224
"44",1165089600,20,0.97076918649372,-0.673530007156979,383.52,191.995952,4976.59618149623
"45",1165093200,21,0.963042284663231,-0.693350538981126,381.92,109.999296,4976.59618149623
"46",1165096800,22,0.950686457096437,-0.348114788933792,380.28,63.6545279999999,5006.02480872621
"47",1165100400,23,0.938844904094876,0.161775440664076,378.68,64.9774079999999,4973.83045605023
"48",1165104000,24,0.930087202323032,-0.0358718871866766,377.64,24.86328,4990.28763238822
"49",1165107600,1,0.896846679464685,-0.497645011367068,376.68,227.986176,5108.80214130814
"50",1165111200,2,0.898963509502753,-0.205066197027989,375.84,120.827744,5260.79100290403
"51",1165114800,3,0.894044238968476,-0.316856710871499,375.12,199.984256,5379.30551182395
"52",1165118400,4,0.899362487266708,-0.380100879666389,374.68,385.183856,5498.73429529788
"53",1165122000,5,0.910113030887101,-0.419329179771008,374.2,274.725744,5630.73452966379
"54",1165125600,6,0.906160480665404,-0.417456335350003,373.36,203.66752,5775.1804894757
"55",1165129200,7,0.916774184085616,-0.417877350231496,372.76,365.793376,6017.45515463956
"56",1165132800,8,0.912178231176929,-0.465228329132832,372.28,515.65504,6293.7984470334
"57",1165136400,9,0.933817299160558,-0.476227679989769,372.08,737.32432,6651.19326844121
"58",1165140000,10,0.948531112721639,-0.54998348170937,371.56,582.30152,6871.53648271308
"59",1165143600,11,0.943375781526996,-0.676132610702818,370.84,661.15104,7078.10824609296
"60",1165147200,12,0.944913814579589,-0.49906957791865,370,874.220048,7314.94291125682
"61",1165150800,13,0.925997582847753,-0.730189334046079,368.96,1250.199648,7583.03475275867
"62",1165154400,14,0.911593970189806,-0.739959964012697,367.96,878.329632,7766.22361435457
"63",1165158000,15,0.919105350136284,-0.788618611504903,366.96,795.07096,7967.98392684245
"64",1165161600,16,0.890119173958577,-0.593498628319866,366.32,789.575312,8266.1214937903
"65",1165165200,17,0.838302827121742,-0.260363598384791,366.08,1015.774816,8632.99058975211
"66",1165168800,18,0.814195535891101,-0.516899950886145,366.04,1487.382928,9071.10548928189
"67",1165172400,19,0.830996210031462,-0.402568548683312,365.8,1513.325424,9631.78054505561
"68",1165176000,20,0.816734807379322,-0.23713217330755,365.64,1754.15488,10146.9697972614
"69",1165179600,21,0.815761257355223,-0.00254098045174826,365.64,1547.50896,10701.7476766971
"70",1165183200,22,0.833179836329951,0.469697381400751,365.44,1347.043584,11245.5198306868
"71",1165186800,23,0.798616032590688,-0.242084361878806,365.68,1912.673056,11690.7890047706
"72",1165190400,24,0.793133108119452,0.441713503537927,365.56,1606.337824,12322.6298641123
"73",1165194000,1,0.724504154976606,0.467520625413969,364.76,1188.644896,12888.77919444
"74",1165197600,2,0.759631443038434,0.276225511844189,363.72,1455.877776,13314.3797412938
"75",1165201200,3,0.805289316037983,-0.813696690939189,362.92,1669.702352,13780.5974644856
"76",1165204800,4,0.853501516742996,-0.912078178245876,362.16,2012.162464,14351.3524421374
"77",1165208400,5,0.882198800272174,-0.919806102740604,361.32,2132.841952,14803.6387144372
"78",1165212000,6,0.904000514022426,-0.809738116277213,360.44,2307.19904,15237.833535845
"79",1165215600,7,0.928207264588027,-0.344801140574254,359.08,1292.854512,15642.8854554688
"80",1165219200,8,0.94435803619195,-0.532017004635668,357.52,1876.155616,15955.3886697407
"81",1165222800,9,0.955398687853022,-0.605119806298394,355.6,1813.113792,16273.0118840125
"82",1165226400,10,0.953065247677076,-0.529680504930763,354.32,1553.118288,16370.6691384725
"83",1165230000,11,0.951980412522927,-0.402861198532885,353.12,1161.614704,16579.6408237304
"84",1165233600,12,0.953790002161504,-0.308998950798741,351.76,995.974208,16757.3553326503
"85",1165237200,13,0.957363215810388,-0.20835954833184,350.28,1084.57856,16881.7554888943
"86",1165240800,14,0.958049284348476,-0.0846421599270225,349.24,1302.482144,16963.5270179082
"87",1165244400,15,0.958664837320761,0.0562234227927446,348.12,1144.227664,17170.6587031661
"88",1165248000,16,0.962730041683659,0.312791181083092,346.6,1305.204784,17267.0816830721
"89",1165251600,17,0.96333275691206,0.499232202149674,344.72,1226.142816,17186.0301540581
"90",1165255200,18,0.963285405301869,0.697140385732727,342.52,1183.973648,17066.8757232602
"91",1165258800,19,0.96008107555763,0.780125502933388,339.76,856.437472,16879.5612143403
"92",1165262400,20,0.963737011295959,0.780922186377074,337.32,699.24656,16395.4005893645
"93",1165266000,21,0.964681488914175,0.809430463114349,334.68,524.604496,15785.0682791308
"94",1165269600,22,0.967989002737296,0.812741285642708,332.08,334.15232,15103.7758126532
"95",1165273200,23,0.972043705172263,0.808452796230006,329.92,406.823984,14440.8605225135
"96",1165276800,24,0.96993825762391,0.881946605763639,326.84,472.871216,13825.1795069279
"97",1165280400,1,0.972602407080583,0.872224756022536,324.12,713.03688,13048.6181788544
"98",1165284000,2,0.969439065555719,0.87660733213085,322.16,887.288016,12290.9710472129
"99",1165287600,3,0.967734282220031,0.877762395351835,320.08,1152.728528,11616.4556008293
"100",1165291200,4,0.966164553520983,0.941424818691339,317.6,1869.998032,10865.5628218638
"101",1165294800,5,0.96115287127672,0.966682022349176,315.6,2262.334304,10013.1155339784
"102",1165298400,6,0.956999621301779,0.97671081471662,313.68,2799.96256,9250.56542243095
"103",1165302000,7,0.954831565917399,0.957191048658736,311.92,4272.260832,8500.42668365353
"104",1165305600,8,0.953057539100538,0.956433865342366,310.64,4544.926992,7748.92802299808
"105",1165309200,9,0.95536699568423,0.964729810897803,309.36,4890.814848,6988.29783332866
"106",1165312800,10,0.962165139631268,0.965902362638271,308.96,5136.933856,6228.35313473933
"107",1165316400,11,0.953042363321985,0.97379127299395,308.04,5269.94512,5598.35149417793
"108",1165320000,12,0.942454994456517,0.964547641145087,307.24,5394.034352,5001.64122638654
"109",1165323600,13,0.932714815486557,0.978864308892743,306.68,5557.351344,4421.99401662309
"110",1165327200,14,0.940931863096526,0.949942604742347,306.32,6227.172832,3905.13519972369
"111",1165330800,15,0.92473674353332,0.969959252908163,305.4,6284.13208,3383.32783371629
"112",1165334400,16,0.892019213991064,0.948282131394914,304.96,6623.505136,2968.81137174708
"113",1165338000,17,0.913043954938146,0.932377166298751,305.32,7577.210784,2777.18620442592
"114",1165341600,18,0.938243590775742,0.92709703396847,305.84,9092.666928,2678.09821344275
"115",1165345200,19,0.952210986362362,0.929157812222792,306.64,9997.92664,2676.86151710762
"116",1165348800,20,0.951069531277163,0.901316833275779,308.88,5835.90184,2852.60748819057
"117",1165352400,21,0.973564184331843,0.872635102856909,312.04,3761.99272,3271.40514453142
"118",1165356000,22,0.985633830619096,0.864873955828268,315.76,2432.65368,3589.95189683408
"119",1165359600,23,0.98841391381244,0.852013993416617,319.36,3226.562608,4064.97864913674
"120",1165363200,24,0.991275352906894,0.901108741328516,323,2878.568896,4551.66249965541
"121",1165366800,1,0.990650874390092,0.893778155122452,327.76,3229.308752,5285.03191937614
"122",1165370400,2,0.992002617731415,0.833976116118624,332.84,3429.407408,6004.60729890878
"123",1165374000,3,0.991067857523797,0.864691453904982,337,3908.107072,6839.87412933342
"124",1165377600,4,0.99177817452079,0.902472223493135,341.84,5159.456176,7556.04370529809
"125",1165381200,5,0.992851164630692,0.932007683112949,347.48,6875.455952,8407.90473215475
"126",1165384800,6,0.991767455564896,0.966661581800479,353,7867.634864,9330.16583713339
"127",1165388400,7,0.992010053635241,0.894219707759719,358.72,9169.032704,10639.5695314081
"128",1165392000,8,0.992798560355836,0.794438458233364,364.16,10384.88208,12111.6245984529
"129",1165395600,9,0.993090876083628,0.738546769379737,369.96,10411.158832,13121.9085270935
"130",1165399200,10,0.992595625030004,0.684349426584427,376.56,10765.107744,14181.8153575182
"131",1165402800,11,0.992203841853389,0.816822613546699,382.44,12231.347152,15771.8476790229
"132",1165406400,12,0.993000769755615,0.710516896207756,388.52,13236.159664,17852.2910608097
"133",1165410000,13,0.992957410178266,0.804808583652744,393.88,15473.486128,20203.3286390286
"134",1165413600,14,0.991832293210892,0.591970687064386,399.88,17221.218944,23089.5429248536
"135",1165417200,15,0.989315974450954,-0.76596060474118,405.8,21850.713904,26116.3401905846
"136",1165420800,16,0.98262839799169,-0.79270645838391,413.6,18371.607088,28639.4234161275
"137",1165424400,17,0.978407493771069,-0.629367880346422,421.88,11048.29856,30997.1013849563
"138",1165428000,18,0.974581262215387,-0.739233337922216,430.04,11253.314384,33466.550882799
"139",1165431600,19,0.977441200336716,-0.800410923566404,438.68,10533.564944,35537.4063404536
"140",1165435200,20,0.984822499701472,-0.490282895339831,448,8150.627584,37490.6962289061
"141",1165438800,21,0.990566010208612,0.0578411113381632,456.4,8046.717664,39139.8492535086
"142",1165442400,22,0.989021950610177,-0.100337622086303,462.92,9571.914128,40560.922434355
"143",1165446000,23,0.988811862329178,-0.500075105348261,469.44,10687.950528,42472.6580482536
"144",1165449600,24,0.990390701897656,-0.683125376051057,476.12,11849.22936,43696.0055817759
"145",1165453200,1,0.989534458625026,-0.0782703195202425,483.32,9518.629392,44900.3245661903
"146",1165456800,2,0.98946057510166,0.10188902399274,489.64,8906.867568,45919.4323340786
"147",1165460400,3,0.98966853649921,-0.125893516161672,495.88,8282.955296,46860.1972783049
"148",1165464000,4,0.989795030706081,0.159607713057651,502.52,7515.763056,48116.3563408412
"149",1165467600,5,0.989591616939553,0.100769417300756,509.08,7963.229856,50195.0977583077
"150",1165471200,6,0.98908893503552,-0.198607308955067,515.36,9566.47256,51931.1194101402
"151",1165474800,7,0.98718674222623,-0.212472612566604,522.6,6169.61192,53668.9125128646
"152",1165478400,8,0.984760865615611,-0.206106456330584,530.04,6725.173712,54681.3689861048
"153",1165482000,9,0.979850735074669,-0.11588960198825,536.44,8774.094288,55125.0943990629
"154",1165485600,10,0.978296957580673,0.102160265096281,542.68,10279.857264,55634.6482830071
"155",1165489200,11,0.975707654731997,0.4768496249913,549.72,7201.401536,55714.2939303311
"156",1165492800,12,0.97068646918638,0.620398337839836,558.08,6519.970464,55512.0883611291
"157",1165496400,13,0.965187267124636,0.735118878650903,566.76,4530.02744,54653.7918097669
"158",1165500000,14,0.956789074202739,0.774786045482251,577,2717.890672,53361.8041200005
"159",1165503600,15,0.961109174362773,0.747504817109388,586.8,1755.415232,51778.3079592482
"160",1165507200,16,0.969359888077922,0.749141256293294,595.72,1959.359872,50123.4175239418
"161",1165510800,17,0.973566455261385,0.785094118585372,603,1058.983024,48733.1670105135
"162",1165514400,18,0.975780405290724,0.806646239998535,609.92,440.343264,47109.7395551131
"163",1165518000,19,0.976654152952569,0.830801370454705,615.96,1057.0252,45096.6895104166
"164",1165521600,20,0.976426512559909,0.878830616662057,621.48,1723.55128,43282.0280148281
"165",1165525200,21,0.975400894627437,0.900185418274511,626,1782.958352,41419.0808719156
"166",1165528800,22,0.974503893856771,0.919628170872036,629.96,1420.905408,39618.979454449
"167",1165532400,23,0.971518740360769,0.928027198331926,635.44,1495.058128,38023.7693316306
"168",1165536000,24,0.967748511826994,0.931225041364115,639.16,1126.60328,36062.628070408
"169",1165539600,1,0.96538411036286,0.928072715399894,642.8,861.6212,34599.3265748195
"170",1165543200,2,0.958874226532649,0.935822515066601,645.68,992.872816000001,33088.185157353
"171",1165546800,3,0.951468035642527,0.949282993176105,648.44,1265.63208,31511.3638180084
"172",1165550400,4,0.944447941345157,0.966797831990962,651.8,1641.610752,30005.3996550019
"173",1165554000,5,0.924306304864089,0.983128306678495,656.96,1959.05432,28062.4758044832
"174",1165557600,6,0.919753126892381,0.973164976102858,661.28,4213.638656,25387.1637954664
"175",1165561200,7,0.933545569712665,0.943607770690482,665.52,7549.498576,23155.7141413797
"176",1165564800,8,0.926423525370039,0.894228402875251,667.92,9494.651024,20606.6878578089
"177",1165568400,9,0.926960360489686,0.906543006419393,669,9668.593584,18376.7128688861
"178",1165572000,10,0.905564840165295,0.939358248042245,670.44,9128.274864,16526.5319982734
"179",1165575600,11,0.873156821682562,0.908283439179483,670.68,5680.990288,15058.2823441867
"180",1165579200,12,0.851134448221548,0.951361461300252,670.16,4741.524016,13974.3523776122
"181",1165582800,13,0.873946040985264,0.962488604582893,668.04,3844.576112,12649.7596654976
"182",1165586400,14,0.905045672855318,0.96282938433055,664.88,2925.778304,11455.098404275
"183",1165590000,15,0.898588314445556,0.963051109445631,661.36,3066.14736,10391.8999667145
"184",1165593600,16,0.895448315136311,0.920464718043346,657.8,4163.264784,9198.82709835597
"185",1165597200,17,0.905248356089689,0.873497175230931,654.52,4621.266,7920.37140633544
"186",1165600800,18,0.912385198058575,0.848382521560248,650.52,3130.423456,7000.89814736707
"187",1165604400,19,0.922410461783221,0.750222969188943,645.56,1735.754352,6464.84159600485
"188",1165608000,20,0.930455212769274,0.572264913732884,640.68,1364.135568,6102.4534375067
"189",1165611600,21,0.933877957799194,0.285854634115897,635.56,1495.166624,5961.53931919664
"190",1165615200,22,0.941422513313565,-0.00340338401076043,630.4,1561.70304,5888.62512276461
"191",1165618800,23,0.951167025271477,-0.246915442613117,625.72,1746.883376,5971.01359375065
"192",1165622400,24,0.962772216060748,-0.435510346890196,620,1776.021536,6084.2248883987
"193",1165626000,1,0.963746515354764,-0.595426271999246,615.12,1954.207472,6329.23030135681
"194",1165629600,2,0.969263485929585,-0.702181126470556,609.96,2203.507392,6597.84708708493
"195",1165633200,3,0.973386140983596,-0.739108270350666,604.52,2446.804032,7216.54348220321
"196",1165636800,4,0.980352277370956,-0.778770942060053,598.96,2885.563632,7796.96560276747
"197",1165640400,5,0.984183326222802,-0.736048826020861,592.28,3007.312128,8329.90199788575
"198",1165644000,6,0.9858496983729,-0.79817961541777,584.12,4099.522912,9075.6381586381
"199",1165647600,7,0.977595642928429,-0.829164894925511,577.76,4647.416336,9857.71714305247
"200",1165651200,8,0.97714963638932,-0.917192625738733,569.56,6945.536,10902.3104020208
"201",1165654800,9,0.980071722112652,-0.923585008740747,561.84,6865.400208,12218.0117413654
"202",1165658400,10,0.982273239964815,-0.932847037946893,554.72,8540.600096,13569.038728034
"203",1165662000,11,0.983364847047968,-0.949502478033512,548.36,10548.502512,14899.7228129186
"204",1165665600,12,0.984564510864854,-0.939537275275679,543.12,11987.81848,16321.5496433432
"205",1165669200,13,0.983780795364134,-0.949692030799287,537.48,11923.1576,17365.2967862557
"206",1165672800,14,0.98241582947897,-0.934100287491685,531.76,15388.617152,18405.2040072902
"207",1165676400,15,0.9837113926704,-0.909996745219247,526.16,17359.111568,19585.8309939588
"208",1165680000,16,0.977362054566377,-0.928945356320088,521.08,18470.82456,20784.9721770594
"209",1165683600,17,0.970094943731151,-0.875409409964416,515.88,17108.72232,21906.6736726479
"210",1165687200,18,0.963443577142642,-0.456343727727251,512.2,8979.955824,22996.4437954664
"211",1165690800,19,0.953975817275918,-0.435991307451124,510.08,6773.680528,23875.2542307727
"212",1165694400,20,0.954526708627897,-0.802405062911875,508.6,7590.9628,24685.870547769
"213",1165698000,21,0.956527328114014,-0.859876315423896,508,8198.757984,25681.5838848594
"214",1165701600,22,0.952411359421145,-0.788449198214126,507.68,7945.788448,26273.1147107756
"215",1165705200,23,0.952927324719709,-0.689432942428698,508.04,6484.166864,26958.4054585698
"216",1165708800,24,0.953814304549083,-0.707498216497,508.52,7007.335712,27365.193617068
"217",1165712400,1,0.957212897436051,-0.638381481695099,509.6,7231.705104,27905.8902465522
"218",1165716000,2,0.962258512771771,-0.452113353894989,510.88,6018.132576,28221.5699340643
"219",1165719600,3,0.963713023661868,-0.201037774804947,513.56,3288.658528,28778.0951126565
"220",1165723200,4,0.969813168685724,-0.0761399965440691,516.2,2236.048672,29258.8489966006
"221",1165726800,5,0.970110993671361,-0.0354368709719377,518.88,2734.095392,29915.1684497468
"222",1165730400,6,0.968981616620144,-0.0909266528290565,522.4,3045.721104,30988.0018649591
"223",1165734000,7,0.969651389029988,-0.164188523274996,526.04,3108.499584,31988.5725346314
"224",1165737600,8,0.981255220089554,-0.157528151321305,529.72,1709.033552,32450.7778694675
"225",1165741200,9,0.982414992579999,-0.304698286735224,535.16,1072.529104,32620.9948895616
"226",1165744800,10,0.986202475063646,-0.39494741251252,540.84,1026.244896,32792.0919096556
"227",1165748400,11,0.98630868875803,-0.550607665500382,546.68,1182.647488,33283.9201462757
"228",1165752000,12,0.986117006287442,-0.693061877341139,552.92,1628.190912,34150.62814853
"229",1165755600,13,0.980408395030562,-0.791138845545831,558.04,2230.335552,34922.5705034601
"230",1165759200,14,0.981331079439296,-0.844502444457721,562.88,3636.933936,36066.6839967944
"231",1165762800,15,0.980058592353167,-0.840442731530987,568.56,4273.112736,36634.9464298466
"232",1165766400,16,0.980402613752735,-0.783779339643696,574.56,5069.810864,36884.4090972647
"233",1165770000,17,0.973460080571998,-0.715144623164774,579.44,3749.746912,37389.7801575468
"234",1165773600,18,0.974416391048538,-0.693412732921243,584.12,3625.769776,38454.373729003
"235",1165777200,19,0.971228072231365,-0.702636982635394,587.68,3693.936416,39571.5501241213
"236",1165780800,20,0.966675299762045,-0.725005555929955,590.64,4043.199376,41166.8976576437
"237",1165784400,21,0.960835519526691,-0.739087590645756,594.04,4020.948384,41980.5656598979
"238",1165788000,22,0.947690317526162,-0.75785744169966,596.2,5233.268592,42685.9251911661
"239",1165791600,23,0.939817619048453,-0.752429265422773,598.64,6526.112192,43670.8844880683
"240",1165795200,24,0.929842277402654,-0.775832467850039,600.12,7771.424272,44941.1693541726
"241",1165798800,1,0.917604746508261,-0.737258819652904,601.96,9733.51376,48062.7903810293
"242",1165802400,2,0.905745062250213,-0.755984799123052,603.08,12230.427296,50700.5602694819
"243",1165806000,3,0.883809998771095,-0.746750146134135,605,13833.478816,53508.6500016905
"244",1165809600,4,0.845806540704548,-0.762327441142498,606.44,12837.402336,55917.631419157
"245",1165813200,5,0.843877690756475,-0.747448538372772,608.4,12174.093696,57842.8074236654
"246",1165816800,6,0.838332730864134,-0.646296605370553,611.52,11439.673136,58182.8871892995
"247",1165820400,7,0.868344447196746,-0.533896706293374,614.24,9161.692976,58302.9671111775
"248",1165824000,8,0.875071999821182,-0.471565224252022,615.6,7776.665744,58705.8811513656
"249",1165827600,9,0.865603886654078,-0.449826942415197,616.04,9960.431952,59948.6803701459
"250",1165831200,10,0.858239303837752,-0.378751974741072,616.48,10565.813536,60335.868684888
"251",1165834800,11,0.887685148710271,-0.255776557874739,617.68,10038.105744,60516.645704982
"252",1165838400,12,0.913232425903969,-0.0959910728932731,619.72,9109.94936,60311.274410334
"253",1165842000,13,0.937972472244037,-0.028332629584857,621.52,6532.789824,60161.5602139019
"254",1165845600,14,0.930645747614214,0.0183514095339343,624.36,5480.284528,59712.7033500518
"255",1165849200,15,0.920610828070608,0.0529148512095652,625.88,6523.189568,59563.6291536198
"256",1165852800,16,0.903851373884451,0.126772063486656,626.56,7539.696144,60326.108684888
"257",1165856400,17,0.896729550727189,0.230217739177115,627.88,8540.336096,61174.5081380342
"258",1165860000,18,0.875599506501707,0.275525638550526,630.44,6312.183216,61728.6106492083
"259",1165863600,19,0.888662440621745,0.2366557241692,633.12,4955.482672,61845.2162965323
"260",1165867200,20,0.886402430242382,0.215900091594083,636.84,3234.858688,62083.2275911804
"261",1165870800,21,0.896846267911913,0.233176929371524,638.88,3175.73304,61586.3707273303
"262",1165874400,22,0.918029976205525,0.244675587595534,640.56,2363.066112,61640.7135509923
"263",1165878000,23,0.918696144414112,0.307270108897393,643.08,2125.043856,61372.5994326822
"264",1165881600,24,0.912733722510396,0.254339943869826,646.12,1650.387248,61577.1364527763
"265",1165885200,1,0.869290540418326,0.239961243174085,652.68,1034.731952,61234.5195108042
"266",1165888800,2,0.910992585167583,0.336030985159008,658.2,914.029584,59057.5377808498
"267",1165892400,3,0.919829260547021,0.369724240803331,664.28,1317.717728,57027.5388745574
"268",1165896000,4,0.911769120577009,0.336368754675159,669.44,1349.425248,55141.654164697
"269",1165899600,5,0.909037785143409,0.125314980465834,673.52,1753.928944,53473.5179258227
"270",1165903200,6,0.85386086877316,0.0464935445509338,674.36,885.35432,51700.2846668543
"271",1165906800,7,0.874523054591498,0.301345566233089,674.64,498.364624,51599.5190195303
"272",1165910400,8,0.874657904250416,0.341254373266805,675.52,368.89336,51412.5819994363
"273",1165914000,9,0.853402670575543,0.325736527588675,678.32,411.221024,50692.8567427221
"274",1165917600,10,0.828529616135741,0.326942127160864,679.24,337.25176,49510.5146221578
"275",1165921200,11,0.853826464190818,0.506739467665092,679.68,390.098368,48792.5722672276
"276",1165924800,12,0.882878785323755,0.641128789091863,679.2,702.002864,48222.9841087295
"277",1165928400,13,0.870306217240773,0.708999292729677,678.88,1422.983168,47774.2301466634
"278",1165932000,14,0.864842681325743,0.745499812130566,677.88,1403.257584,47072.2306153952
"279",1165935600,15,0.880462049472175,0.814984590918266,677.56,448.972128,46628.8709278831
"280",1165939200,16,0.856406915744466,0.883611190703771,679.24,681.816336,45581.3745327648
"281",1165942800,17,0.852443145420573,0.901620635336097,681.2,307.978512,44291.2953921065
"282",1165946400,18,0.852920059058404,0.875324029602743,682.44,223.06456,43649.2615081624
"283",1165950000,19,0.848695033246276,0.854556907298555,682.68,171.37224,42763.4792313542
"284",1165953600,20,0.842236580678297,0.838357509675768,683.16,172.102544,41610.5885616819
"285",1165957200,21,0.869526379254288,0.678279283547126,682.16,344.063456,40844.9433049677
"286",1165960800,22,0.85331945415563,0.593757068049259,682.28,300.727856,40153.9723228076
"287",1165964400,23,0.839701314075705,0.568477905421655,681.68,392.077728,39534.0641643094
"288",1165968000,24,0.864006969977273,0.594357436727473,682.12,595.580608,38978.4645549193
"289",1165971600,1,0.894380641511991,0.535994561432087,681.4,853.622256,37994.682356233
"290",1165975200,2,0.854836273853421,0.466591582593602,677.36,909.247504,37341.2656486269
"291",1165978800,3,0.830840200413568,0.412552543629002,673.44,609.521792,36806.8545883447
"292",1165982400,4,0.766766080338575,0.385356061437429,669.84,354.052224,36268.0549789546
"293",1165986000,5,0.705885058125243,0.327559209330692,666.6,247.048896,35623.7697222404
"294",1165989600,6,0.758778899286536,0.401553838642629,662.92,270.555376,34628.6390525681
"295",1165993200,7,0.786466234047812,0.445276291312959,662.68,272.70728,34081.302344962
"296",1165996800,8,0.808785639210037,0.475061150712724,662.24,273.036576,33220.3315971677
"297",1166000400,9,0.835032683102416,0.509987066630223,660.6,283.877664,32359.3608493735
"298",1166004000,10,0.897712229324969,0.447749328144502,657.96,958.668,31371.1217087152
"299",1166007600,11,0.923943099073267,0.447534204776403,656.16,1127.394864,30641.202333691
"300",1166011200,12,0.942266688732699,0.545113770093287,654.68,1190.795504,30183.4884497468
"301",1166014800,13,0.945180107533708,0.567895380058525,653.52,741.034112,29825.2487622347
"302",1166018400,14,0.949818581461403,0.176418860889715,651.84,2201.483504,33058.5498672133
"303",1166022000,15,0.961059179497997,-0.156441727049138,650.72,8495.195408,42417.3347445887
"304",1166025600,16,0.966458370670796,-0.275157379560012,648.04,15335.05592,51546.976798302
"305",1166029200,17,0.96677790032743,-0.359133084260335,644.96,21222.37536,60535.3158721094
"306",1166032800,18,0.944747887535495,-0.42889223376795,643.52,24791.47368,68811.7123566207
"307",1166036400,19,0.942191413706667,-0.557016892905602,641.44,29448.716944,76538.1092317418
"308",1166040000,20,0.936938616584303,-0.588519138484952,638.72,33992.216896,84315.317401511
"309",1166043600,21,0.913719580694001,-0.684053211455047,637.08,34644.7296,91769.8627476181
"310",1166047200,22,0.89346764486868,-0.668983679470041,635.48,36848.533408,97733.0373459311
"311",1166050800,23,0.900365245898052,-0.620356741700483,634,37625.353264,103556.703317014
"312",1166054400,24,0.900556679702197,-0.535830723725682,632.6,41384.938272,109423.466386313
"313",1166058000,1,0.888276445404818,-0.564514252475706,630.24,44911.051952,115167.65800472
"314",1166061600,2,0.870238613197002,-0.541645339278064,628.68,46811.325808,120316.786955709
"315",1166065200,3,0.863463252539817,-0.665478897110395,627.36,52685.253472,124436.899199092
"316",1166068800,4,0.84828253774832,-0.577829307937809,625.96,53053.801696,127896.29167684
"317",1166072400,5,0.830899385397396,-0.572010628395326,624.32,58621.230896,130843.604310833
"318",1166076000,6,0.850673905267745,-0.445570294667066,621.6,65951.8572,133933.328317595
"319",1166079600,7,0.86903474898186,-0.371227025226585,620.04,70614.117168,136644.42377525
"320",1166083200,8,0.864772824202429,-0.217934059235471,617.6,72375.573936,139057.450840041
"321",1166086800,9,0.873290326908277,-0.136827932266639,615.16,75260.23312,141141.735159291
"322",1166090400,10,0.899007679642522,0.1743227070369,612.08,73558.06832,142535.334143705
"323",1166094000,11,0.911310473284262,0.357204156124921,609.84,71236.210672,144379.618462956
"324",1166097600,12,0.917683629014231,0.600270284939449,608.4,70849.886752,145766.074545586
"325",1166101200,13,0.917754457494142,0.66763579338354,607.28,75203.609888,146853.959411691
"326",1166104800,14,0.894599466620544,0.888253593965944,613.56,38935.577152,147849.924355917
"327",1166108400,15,0.947155175174565,0.974426826043202,626.8,15697.011168,145032.268663896
"328",1166112000,16,0.966891054512336,0.954667464171815,639.92,9170.907264,135718.946610183
"329",1166115600,17,0.983090029930815,0.92732778031024,653.48,6617.39496,126474.150360038
"330",1166119200,18,0.982186720808327,0.965098998887671,666.08,4187.347888,117864.736699188
"331",1166122800,19,0.980367827368051,0.962959672988323,677.28,2955.293472,109561.151665569
"332",1166126400,20,0.976033318940366,0.966111813166836,688.96,2654.481856,100789.247100682
"333",1166130000,21,0.978989357606443,0.977342223102055,700.52,2306.212032,92637.4335179545
"334",1166133600,22,0.978242550459843,0.96822144258063,709.64,1974.948864,85645.9164084674
"335",1166137200,23,0.976908058492991,0.945884463627831,718.96,1980.843856,79839.2902811405
"336",1166140800,24,0.979965395093002,0.915043241952379,728.44,1883.377264,74379.8183502457
"337",1166144400,1,0.978094777696303,0.878541495757182,738,1902.347968,68817.7064974728
"338",1166148000,2,0.976896672494668,0.834479481140941,746.88,1886.277152,63493.4802920239
"339",1166151600,3,0.979395210353809,0.799107037407849,754.2,1740.62904,58694.7396557771
"340",1166155200,4,0.97721239320141,0.766215683413658,760.68,1991.306672,54589.8616869484
"341",1166158800,5,0.975442947910723,0.714958404128513,766.6,2110.981088,51330.5947784018
"342",1166162400,6,0.974955858029327,0.633484309841251,772.72,2313.729296,48888.6532046913
"343",1166166000,7,0.973993667500435,0.550283516947296,778.76,2247.014384,46159.7517872248
"344",1166169600,8,0.96975392826751,0.466706590534017,784.16,2327.635248,44096.9872336084
"345",1166173200,9,0.970864047807993,0.362259349835289,789.16,2402.294688,42294.31397464
"346",1166176800,10,0.977714164427713,0.227325772645303,792.8,2467.308064,40941.1262067517
"347",1166180400,11,0.972717653172874,0.159897318393768,797.8,2399.232016,40231.2409500375
"348",1166184000,12,0.95324865733831,0.0355771510851779,801.6,2011.022544,39130.8073785813
"349",1166187600,13,0.9280757003427,-0.0192722743571107,804.64,1948.838864,38117.413807125
"350",1166191200,14,0.964935631040015,-0.24705479687113,807.4,1650.146944,37182.8545102228
"351",1166194800,15,0.993745841876952,-0.302147959039584,802.2,1708.923824,36163.7010168885
"352",1166198400,16,0.995198926734529,-0.241827009243821,789.08,1706.954224,35217.4160726622
"353",1166202000,17,0.995851158601967,0.0739580320999441,775.64,1690.450656,34424.1710503139
"354",1166205600,18,0.99616740220438,0.26876070546469,763.16,1846.22848,34287.4283047739
"355",1166209200,19,0.996094342873763,0.228765559478907,750.48,2331.288864,34572.445246746
"356",1166212800,20,0.994193795405506,0.186427374422845,736.12,3585.40496,35348.1589744462
"357",1166216400,21,0.993800498046874,0.0846313095032502,723.36,6396.76536,39417.8365526651
"358",1166220000,22,0.985285586325247,0.219883635561137,713,6986.234144,39777.5276910692
"359",1166223600,23,0.971026423302321,0.19525871702079,704.24,7836.715136,39695.3563182991
"360",1166227200,24,0.959237955974311,0.098813864945125,695.8,6601.190912,39214.122356233
"361",1166230800,1,0.95029708627649,0.0706800969749044,687.08,5438.422992,39145.025258017
"362",1166234400,2,0.941828024583003,0.0949387128521779,678.6,4235.13904,39665.6992200831
"363",1166238000,3,0.936008365219012,-1.35543219424236e-06,670.64,5069.471216,40032.6589857172
"364",1166241600,4,0.933301030734926,-0.119708461940885,663.36,5931.23944,40283.9731040273
"365",1166245200,5,0.929741916272542,-0.238302151589019,657.4,5932.664448,40456.8301241213
"366",1166248800,6,0.924269343500802,-0.255890211869415,652.8,5071.852576,40301.6873785813
"367",1166252400,7,0.914779845669119,-0.272191051728568,647.64,3788.997568,39782.3620437451
"368",1166256000,8,0.896165376259174,-0.260953690689088,643.48,3492.793456,39181.162512477
"369",1166259600,9,0.882661467488964,-0.203793493315803,639.8,3205.142928,38520.9573338848
"370",1166263200,10,0.914639033506477,-0.0797859113159449,636.92,3332.519584,37755.1979588605
"371",1166266800,11,0.907859213917407,-0.0029521412100065,635.28,3434.536368,36889.7701128503
"372",1166270400,12,0.889985762346354,0.0722297352493726,632.72,3318.601584,35978.536619516
"373",1166274000,13,0.915708993790775,0.246168556838429,630.16,3513.085264,35196.3087735057
"374",1166277600,14,0.913427673834149,0.34423801490879,627.64,4037.056736,34605.1322221435
"375",1166281200,15,0.900580305902823,0.412479730523102,624.8,4802.835376,34056.8013962273
"376",1166284800,16,0.905482418854942,0.499983440417393,622.04,5484.894,33551.6705703111
"377",1166288400,17,0.916425669374145,0.565682925555233,619.56,6453.06072,33097.0425680569
"378",1166292000,18,0.896842515260553,0.741589425750288,619.16,5635.539136,32675.0545658027
"379",1166295600,19,0.867779435767271,0.877334813614408,619.88,3438.368192,31763.8099340643
"380",1166299200,20,0.871004396899051,0.902018285324223,621.88,2463.165104,30275.6056929357
"381",1166302800,21,0.913000304904658,0.920278914266853,630.56,6339.258992,28542.9902352811
"382",1166306400,22,0.846298217231439,0.951468193847188,631.6,3763.568832,23987.484811052
"383",1166310000,23,0.837980813778592,0.979151326451033,631.4,3806.688672,22696.5949225994
"384",1166313600,24,0.828186463478945,0.956687653043953,630.24,4181.905936,21082.8711502027
"385",1166317200,1,0.842557356719802,0.951055500866457,630.08,4745.590976,19609.90165236
"386",1166320800,2,0.823520095921892,0.987158707035669,631.24,4424.369824,17787.0467415592
"387",1166324400,3,0.801176872125324,0.983108318812405,632.08,5823.577888,15508.3521432463
"388",1166328000,4,0.806876307965073,0.979457171474322,632.68,7750.226368,13418.7088395814
"389",1166331600,5,0.80049687272295,0.980023578198655,633.12,7022.744208,11536.5398104705
"390",1166335200,6,0.798676758592212,0.976046601602195,632.72,8279.411136,9915.86795769766
"391",1166338800,7,0.796547084055675,0.97182414963866,631.36,7875.882544,8524.28183037077
"392",1166342400,8,0.816737993259519,0.97175096666214,629.68,6336.116992,7352.85554679994
"393",1166346000,9,0.828256994162511,0.981544098184081,627.76,6378.474272,6432.89208689112
"394",1166349600,10,0.827764837247659,0.982291001618461,625.52,6275.636544,5584.76831449441
"395",1166353200,11,0.83945610692577,0.973040864636325,622.92,5853.62176,4772.53003317779
"396",1166356800,12,0.855004829689686,0.960712639701458,620.08,5446.384544,4066.71457552318
"397",1166360400,13,0.865281550276315,0.928307002362528,617.48,4821.896864,3442.77307993469
"398",1166364000,14,0.877177808886769,0.888038469805743,615.36,4740.94072,2891.26570265625
"399",1166367600,15,0.889928527734819,0.853782488054045,613.2,3806.324992,2390.06679636386
"400",1166371200,16,0.904016269579638,0.728513199602033,611.04,3764.45752,2006.52483204353
"401",1166374800,17,0.905108502446058,0.594771212284318,609,3992.672784,1689.72569138522
"402",1166378400,18,0.918149233431882,0.567828261735288,606.96,3058.236064,1413.61211992896
"403",1166382000,19,0.925577138882076,0.323686197897001,603.08,3796.770576,1237.70396143081
"404",1166385600,20,0.932359726970562,0.395759488971943,597.8,2893.104848,1216.28686321479
"405",1166389200,21,0.937210503566411,0.365318997909422,591.76,2190.855856,1210.33258866079
"406",1166392800,22,0.99016881802505,0.218647634265784,580.48,1712.776592,1215.80686321479
"407",1166396400,23,0.991902120916396,0.161296225987481,574.96,1640.3408,1335.80662884888
"408",1166400000,24,0.992612098227352,0.690059600123784,568,1553.624432,1727.29165119713
"409",1166403600,1,0.994648402691588,0.766285705053245,561.08,1547.614112,2194.93643917947
"410",1166407200,2,0.995109884838126,0.826093219023216,553.08,1662.366864,2680.16969814784
"411",1166410800,3,0.995166263545328,0.505657810544533,543.96,2133.443824,3079.87158434619
"412",1166414400,4,0.995386614936085,0.0544049817166215,535.32,2625.77768,3427.99637232853
"413",1166418000,5,0.994845492267246,0.310062951840866,526.72,2894.282256,3812.78398397288
"414",1166421600,6,0.993884466220223,0.0691531877951583,518,3934.965296,4261.4685375893
"415",1166425200,7,0.993963097286806,0.237130684473023,509.24,4742.601392,4658.59866040777
"416",1166428800,8,0.994873621313677,0.230582472068708,501.04,7394.243024,5287.32831449442
"417",1166432400,9,0.994603989617977,-0.593114008349935,492.96,11208.535424,6271.79475430919
"418",1166436000,10,0.99475310567176,-0.607349651006566,486,12892.877088,7282.15813609604
"419",1166439600,11,0.991601033280804,-0.182587034938475,479.84,13840.984032,8290.88747769479
"420",1166443200,12,0.990474065637745,-0.291199033749238,473.8,16106.69424,9509.98254473955
"421",1166446800,13,0.985094851166307,-0.406096585219951,468.92,16731.69648,10560.1519644603
"422",1166450400,14,0.978158163656882,-0.456986189743738,464.64,17273.631808,11354.2418529128
"423",1166454000,15,0.975492599095762,-0.0578446160354783,460.72,14245.47936,12056.2633485013
"424",1166457600,16,0.976735899319863,0.507579368023377,457.52,11119.061248,12754.1477458738
"425",1166461200,17,0.973941958560949,0.60744923690654,454.44,11322.457776,13544.0092414623
"426",1166464800,18,0.977958889399113,0.717290396330232,451.88,8844.913904,14223.0136388348
"427",1166468400,19,0.97973580194144,0.174629723949839,450.4,7782.685008,14899.9838397752
"428",1166472000,20,0.969655251053602,0.683529712136644,450.24,3398.074624,15868.8967862557
"429",1166475600,21,0.972397796623701,0.40953946551111,450.2,2936.011072,16660.3814961161
"430",1166479200,22,0.970204369250471,-0.0855026429579468,450.24,4548.504208,17624.1404024085
"431",1166482800,23,0.968037517316704,0.0165146397536341,451.08,3748.098528,18444.4251122688
"432",1166486400,24,0.966284783521743,-0.276153895923605,453.56,3248.376864,19317.4069984672
"433",1166490000,1,0.970039588445547,-0.485248652851536,456.88,3109.662848,20307.4975118955
"434",1166493600,2,0.977972165211236,-0.511819617995861,460.56,3379.885584,21671.3820655119
"435",1166497200,3,0.979628309390675,-0.626659611176437,464.04,4095.671392,22737.2896771563
"436",1166500800,4,0.983203846243141,-0.702023279427142,467.36,5679.853632,23742.5115633546
"437",1166504400,5,0.98730477355141,-0.62748849407645,470.8,4530.517248,24544.636429459
"438",1166508000,6,0.99140290392862,-0.615439399097781,474.96,4458.808384,25281.1613736852
"439",1166511600,7,0.992733046762191,-0.598812998248779,479.64,5551.004752,26245.0118871136
"440",1166515200,8,0.988881684942172,-0.693138078728604,486,5360.634784,27250.2337733119
"441",1166518800,9,0.985456670877796,-0.742825163515292,493.64,3187.554416,28074.1873447682
"442",1166522400,10,0.986954741876614,-0.730601477335103,502,1817.442592,28539.9584050503
"443",1166526000,11,0.988407840578266,-0.81415822839439,509.48,1769.137472,29299.6721327505
"444",1166529600,12,0.988966714929735,-0.805181911270228,516.92,1992.7244,29846.6545658027
"445",1166533200,13,0.989146355367882,-0.815657351505987,524.12,2296.918384,30335.4313515308
"446",1166536800,14,0.982648966114293,-0.834063669546608,529.64,3230.494992,31053.236530123
"447",1166540400,15,0.9744750373364,-0.834059473582668,534.52,4322.304528,32089.4185725653
"448",1166544000,16,0.969891253386031,-0.881864940551172,539.24,6124.719776,33647.0174007357
"449",1166547600,17,0.9673519220214,-0.864058352658555,544.12,5632.819824,35833.1187400803
"450",1166551200,18,0.965522926591416,-0.870413368126259,548.84,7364.428208,37606.5574901287
"451",1166554800,19,0.969993619153302,-0.82046568644071,553.24,8087.420144,39479.7789857172
"452",1166558400,20,0.959627985644569,-0.90719730915553,558.04,9918.724896,41486.0861286297
"453",1166562000,21,0.946942243265187,-0.923094784014612,561.64,10312.696496,43300.1992313542
"454",1166565600,22,0.937235099012181,-0.91541026563005,565.56,11097.594768,45105.3408831866
"455",1166569200,23,0.936202359483956,-0.926655980425258,569.16,10979.250176,46772.996965817
"456",1166572800,24,0.936544158679576,-0.927861481087264,572.64,10332.079008,49032.8698341755
"457",1166576400,1,0.933233577702583,-0.918816226091492,575.92,9484.565136,50232.5718766178
"458",1166580000,2,0.946465378218383,-0.885463725129593,580.08,7452.394016,50985.599956994
"459",1166583600,3,0.947809278475833,-0.916140211262464,583.52,6807.063648,52718.8790195303
"460",1166587200,4,0.947532994053594,-0.927381140779325,587,7599.6132,54263.8952584046
"461",1166590800,5,0.928942695358594,-0.914231179042678,590.04,9064.585744,55985.608517373
"462",1166594400,6,0.917958949662726,-0.87843107670135,592.8,10246.804448,57512.3389526794
"463",1166598000,7,0.886167422704022,-0.89804904444351,596.08,9266.768096,59342.1435062958
"464",1166601600,8,0.900102815730263,-0.880139281842638,599.56,11302.150112,61291.7995108042
"465",1166605200,9,0.904056053009809,-0.854466769014026,602.12,11433.29776,62729.1472005705
"466",1166608800,10,0.90155283623773,-0.813174222850783,603.44,11629.317904,64154.7463412288
"467",1166612400,11,0.901703808762613,-0.76003862972662,605.44,8283.152368,65667.3625801032
"468",1166616000,12,0.907635431781258,-0.669406004256028,606.96,7730.009056,66298.2079149393
"469",1166619600,13,0.929905869001068,-0.554475948107337,608.24,7127.715376,67673.1099573816
"470",1166623200,14,0.945342811383511,-0.299448213701288,610.16,6711.25392,68020.1954484617
"471",1166626800,15,0.941135592069012,-0.0627113605463651,613.08,6887.68312,68175.3039194477
"472",1166630400,16,0.917749343851129,0.303886002130914,617.28,4968.42184,68261.8752922177
"473",1166634000,17,0.914178441568109,0.429304420155052,622.72,4406.64112,67760.2756047056
"474",1166637600,18,0.927169158104787,0.575080414137585,627.2,3074.486192,66498.3792095874
"475",1166641200,19,0.941854370963559,0.682705977618761,632.08,2845.440672,65534.0826582251
"476",1166644800,20,0.952605568366877,0.757971616512891,637.2,3146.841344,64372.8605376609
"477",1166648400,21,0.955901193046076,0.815897800942171,641.44,2664.24904,62965.3185733405
"478",1166652000,22,0.952292577012355,0.851139821741061,645.76,2256.19432,61746.2907273303
"479",1166655600,23,0.959243097982977,0.866595620217001,649.56,1974.38256,60334.223037564
"480",1166659200,24,0.95895404389901,0.857425540464314,654.64,1211.26616,58837.3782495816
"481",1166662800,1,0.948031154970067,0.876410886389761,657.56,1391.760304,57134.2020888293
"482",1166666400,2,0.94138883633002,0.90324204735076,659.32,1846.84488,56572.6595776551
"483",1166670000,3,0.937612653782689,0.933677711322175,662.68,502.241216,55945.025693711
"484",1166673600,4,0.948842378363226,0.922657352931703,665.92,306.958944,53789.6554927706
"485",1166677200,5,0.951673515898242,0.902302429112072,669.6,440.907568,51901.6109391541
"486",1166680800,6,0.942343632415483,0.896529820504196,673.16,277.0864,50179.8976801858
"487",1166684400,7,0.93535403227008,0.862136865917547,677.32,441.033504,49096.9954814995
"488",1166688000,8,0.924967730165031,0.761380033513136,681.4,727.908576,48127.0760283533
"489",1166691600,9,0.91761853899224,0.594080144210439,684.56,1009.035584,47010.1394769911
"490",1166695200,10,0.910787840826341,0.490751136816313,687.64,1409.661392,46293.225593047
"491",1166698800,11,0.899481331687288,0.19406338435524,690.88,1984.255008,46039.8542983989
"492",1166702400,12,0.879327213274099,-0.00395432428597252,692.24,1839.601808,45497.1231599948
"493",1166706000,13,0.838627786175077,-0.208894138795256,695.16,2186.76384,45437.7403363328
"494",1166709600,14,0.826567897200668,-0.631026574900021,695.96,1773.735328,45245.1918653468
"495",1166713200,15,0.824688232640373,-0.602038435829799,696.32,1217.434,45867.0886510749
"496",1166716800,16,0.815210463973961,-0.628363987606744,696.52,1313.705792,46572.836809573
"497",1166720400,17,0.844355428232626,-0.373932146257436,695.4,1197.701632,46825.8766533291
"498",1166724000,18,0.875575587314275,-0.569533495121376,692.72,1756.663488,47289.5677917332
"499",1166727600,19,0.881852054567188,-0.511997003721577,690.6,1657.4232,47866.2188520153
"500",1166731200,20,0.903404791866984,-0.665982646425661,687.96,2016.822864,48329.3842649734
"501",1166734800,21,0.920779029541696,-0.750358197950417,684.76,3085.858944,49490.6063855377
"502",1166738400,22,0.920876045316599,-0.712289683223699,682.16,3871.048992,50347.2686623459
"503",1166742000,23,0.930888856719477,-0.596004561877994,679,4406.924672,50429.0400351159
"504",1166745600,24,0.940885870926583,-0.46843274610803,675.68,5671.713584,50674.70842798
"505",1166749200,1,0.951979784905938,-0.332173506662737,672.16,5479.158816,51067.5652918301
"506",1166752800,2,0.953988493528563,-0.124399674239837,670.92,5417.086576,50839.05117352
"507",1166756400,3,0.968153552439816,-0.0634646390740057,669.48,7000.834768,50594.93705521
"508",1166760000,4,0.969426413732202,0.154444815426279,665.08,6221.8104,50393.7714860079
"509",1166763600,5,0.965926262699855,0.435670219900391,660.92,5381.4164,50378.6172114539
"510",1166767200,6,0.963192147756281,0.593275298946541,657.24,5464.215152,50690.136977088
"511",1166770800,7,0.965615608857537,0.717334696013004,654.88,4320.182624,50660.22842798
"512",1166774400,8,0.945493079180795,0.828906628083744,652.92,3274.705232,50385.2914860079
"513",1166778000,9,0.922010479827013,0.852235051387394,650.8,2722.149984,49649.5548565237
"514",1166781600,10,0.906811795571768,0.882024332950205,649.36,1809.111648,48559.1784614055
"515",1166785200,11,0.888843717430702,0.867445070771471,648.88,1204.843776,48205.6929703254
"516",1166788800,12,0.932098996198144,0.859418540906699,647.84,743.018912,46897.7966533291
"517",1166792400,13,0.923653675304302,0.877529615460343,647.72,387.677984,45567.0546890088
"518",1166796000,14,0.934226133356328,0.9052859293441,647.36,185.257504,44262.4269992424
"519",1166799600,15,0.946922707719287,0.867809826240319,648.64,254.529456,42806.5764858141
"520",1166803200,16,0.956892384986755,0.769798343435643,650.12,514.861136,41419.7887960478
"521",1166806800,17,0.951664280262455,0.768932452342555,650.68,494.5792,39789.6298897554
"522",1166810400,18,0.945359491632269,0.758087004944998,651.72,674.606832,38518.5451017731
"523",1166814000,19,0.943414901719246,0.766636614729247,653.04,574.955904,37120.6718428047
"524",1166817600,20,0.947720664995792,0.768828951798131,654.12,564.303008,35673.9872110663
"525",1166821200,21,0.939021554136298,0.770064504562446,656.76,642.67824,34424.54814853
"526",1166824800,22,0.935140698185576,0.78318215909367,658.84,592.88576,32593.8637511575
"527",1166828400,23,0.930509479519927,0.753007334411432,659.04,596.052768,31127.9220212031
"528",1166832000,24,0.91917324979754,0.719151171294845,659.68,625.994432,30019.6029586667
"529",1166835600,1,0.918977361110108,0.71583578300196,660.68,448.850768,29015.4095434544
"530",1166839200,2,0.916463926161567,0.733557424597817,660.08,755.094144,27835.124833594
"531",1166842800,3,0.936919425707084,0.763017381728766,659.48,701.159056000001,27257.5824786639
"532",1166846400,4,0.948606930038749,0.798615087730832,658.96,704.47856,26694.6114965037
"533",1166850000,5,0.957244581696173,0.797810115545265,658.92,568.382896,26320.0060835456
"534",1166853600,6,0.942557779874603,0.693844715564924,659.76,391.687456,25993.5377688035
"535",1166857200,7,0.943835865474437,0.674016237429559,659.68,292.799968,25430.5667866433
"536",1166860800,8,0.949540986554295,0.53729165112387,658.96,382.088848000001,25175.7898446713
"537",1166864400,9,0.957416958066798,0.383858989011302,657.12,540.755312,25371.7554138733
"538",1166868000,10,0.965126663750236,0.20520276003737,654.44,1159.800224,25933.1492978175
"539",1166871600,11,0.954675493236327,0.150706202658568,653.64,974.175008,26474.3831817616
"540",1166875200,12,0.953213767769106,-0.0666646869496548,650.68,1058.153808,26491.2974563156
"541",1166878800,13,0.957039643148822,-0.272752953769467,647.48,1412.300352,27090.4856148138
"542",1166882400,14,0.959383491649302,-0.441585084747785,644.32,1989.962736,27725.2851460819
"543",1166886000,15,0.955503025910115,-0.597986598926967,641.04,2242.471824,28340.0504027961
"544",1166889600,16,0.944977879792464,-0.620792212873501,637.88,2404.550912,28458.4045992281
"545",1166893200,17,0.942867625788636,-0.790779639516421,633.96,4042.03208,28698.9529920922
"546",1166896800,18,0.940660458914146,-0.77167103383923,630.64,4841.937488,28857.2842867402
"547",1166900400,19,0.934500144746205,-0.774070811355217,626.96,5277.28576,29401.0552689004
"548",1166904000,20,0.932103455446446,-0.757046643640747,623.08,6176.143632,30061.2947220466
"549",1166907600,21,0.934729380662593,-0.660830113254659,619.72,6320.626912,30713.0084497468
"550",1166911200,22,0.929240074416926,-0.716599915627201,615,7732.445328,31080.5624118129
"551",1166914800,23,0.925526020712377,-0.632636810917632,610.96,6830.513472,31618.6762176351
"552",1166918400,24,0.934974701890331,-0.531449822575434,607.6,6547.000224,32360.7441417673
"553",1166922000,1,0.944777702680719,-0.454376781848898,604.48,8047.736256,32805.1208493735
"554",1166925600,2,0.956688485727476,-0.336635672873136,600.88,10734.424368,33233.5432824256
"555",1166929200,3,0.951868445790772,-0.0623342079706923,599.08,9999.158288,33519.5886953838
"556",1166932800,4,0.939132052254075,0.180958511164114,597.48,6654.83304,33564.3657935998
"557",1166936400,5,0.928967810599085,0.404071869555471,596.4,5913.996288,33443.6230480597
"558",1166940000,6,0.925852016514515,0.590203974131784,595.48,4284.19336,33159.6004587636
"559",1166943600,7,0.931264209772363,0.742438110575906,593.88,2613.526128,32754.5151239275
"560",1166947200,8,0.927345967491919,0.88669216913532,593.16,2022.793504,32406.2526127534
"561",1166950800,9,0.921082196764153,0.926691862866098,593.68,646.834944,31963.9444542552
"562",1166954400,10,0.944009647683912,0.927323868704332,595.12,228.885536,31216.105079231
"563",1166958000,11,0.956856907126558,0.921188851504457,596.56,440.461568,29997.2260948166
"564",1166961600,12,0.964361169654112,0.910304902342045,596.6,770.456688,28847.8556595103
"565",1166965200,13,0.971115473706407,0.910913799472345,598.08,1062.05032,27617.0681259879
"566",1166968800,14,0.968159314151826,0.950391515105663,599.76,668.83536,26202.2692978175
"567",1166972400,15,0.967586834194563,0.948811431647872,601.4,744.940784000001,25073.7902352811
"568",1166976000,16,0.966359015023291,0.938279831556004,601.72,329.895712,23919.7340745288
"569",1166979600,17,0.972239197020365,0.89057910115517,602.36,594.130400000001,23332.1459941526
"570",1166983200,18,0.970572486737752,0.848056603449191,602.84,349.955056,22441.0610499263
"571",1166986800,19,0.971812481234294,0.860871070838046,604.44,181.29344,21916.8329695501
"572",1166990400,20,0.970224279438185,0.871088110950327,606.4,192.31304,20819.3483378117
"573",1166994000,21,0.96873590304675,0.858503544956581,608.4,204.502112,19706.2979806274
"574",1166997600,22,0.971212332776073,0.854629087004216,609.56,164.593648,18609.944799781
"575",1167001200,23,0.970634681021785,0.830248976497784,611.28,230.706944,17688.8600899206
"576",1167004800,24,0.962071857561193,0.836695382932249,613.6,303.237136,16806.1181256003
"577",1167008400,1,0.958633030546108,0.811487104362785,615.16,542.638592,15709.0792193079
"578",1167012000,2,0.958600102816983,0.858081100417415,616.68,330.961552,15005.6742750816
"579",1167015600,3,0.943586370080415,0.845427525600872,617.76,304.464992,14264.3494089773
"580",1167019200,4,0.938704490865731,0.866948018970301,617.92,199.419376,13631.161641089
"581",1167022800,5,0.93652178751146,0.86058917201657,617.52,245.17608,13015.4595986467
"582",1167026400,6,0.944503427087437,0.831312899418582,616.56,304.351488,12376.3975562044
"583",1167030000,7,0.941933309050761,0.889910323578328,615.2,322.138544,11805.9640628701
"584",1167033600,8,0.961118360965034,0.893973141096493,613.96,201.485648,11201.6450003338
"585",1167037200,9,0.973735991161136,0.9089529359418,612.48,250.725648,10661.7373105674
"586",1167040800,10,0.975869531775944,0.909713935449209,610.24,223.7228,10027.6812279371
"587",1167044400,11,0.97670753401205,0.915368065283748,606.6,207.490368,9301.68239976664
"588",1167048000,12,0.978343238149376,0.934139863626888,603.04,207.656816,8745.28341535227
"589",1167051600,13,0.979464157676895,0.943740829812536,599.32,278.252224,8225.2844309379
"590",1167055200,14,0.980142415319611,0.954843125353616,595.12,236.733648,7751.41093760361
"591",1167058800,15,0.973475573924309,0.962529571431695,591.76,262.529184,7247.30905140526
"592",1167062400,16,0.971571749455498,0.958818399532796,588.24,254.078912,6637.84732145085
"593",1167066000,17,0.954388981640842,0.964824162680964,586.48,994.841920000001,6080.05414060445
"594",1167069600,18,0.95403497047904,0.94858719432091,583.72,1789.777664,5244.66135036791
"595",1167073200,19,0.965464484903396,0.950906595197198,581.96,1653.239104,4601.19985477941
"596",1167076800,20,0.953643688975341,0.964323368651941,578.08,996.893472,3959.95545740693
"597",1167080400,21,0.947036842881498,0.96448884811301,574.24,570.79504,3616.44784576259
"598",1167084000,22,0.951185764839044,0.95631270009239,570.28,807.51824,3244.70046848415
"599",1167087600,23,0.951879355765724,0.968684876779883,566.68,492.862016,2934.19873852974
"600",1167091200,24,0.939190267898832,0.977682016979767,563.48,449.879984,2668.19983223735
"601",1167094800,1,0.939001186835282,0.974887074676785,559.56,445.196512,2297.66398397288
"602",1167098400,2,0.933883175605918,0.974559451986355,556.8,630.47824,1986.43095937042
"603",1167102000,3,0.934454449762048,0.967476425287094,553.76,607.558608,1670.31801288993
"604",1167105600,4,0.945354093219111,0.956580319834028,550.88,632.01048,1415.74781194949
"605",1167109200,5,0.946899189973679,0.956986074644174,547.96,695.772512,1235.74898377906
"606",1167112800,6,0.951788486333911,0.958956607811807,545.04,826.54624,1086.84725382465
"607",1167116400,7,0.953625443240292,0.952044506736823,542.2,771.594416,920.539876546219
"608",1167120000,8,0.956526165034421,0.937772346795292,538.84,541.840944,809.889597483802
"609",1167123600,9,0.963991445844155,0.967140740800984,535.68,414.235472,782.233436731445
"610",1167127200,10,0.969113985115818,0.959448870796377,531.88,524.486928,768.657275979089
"611",1167130800,11,0.974853675799286,0.956155990902434,527.68,388.120048,801.926762550757
"612",1167134400,12,0.977998151486399,0.972186005275871,524.04,311.083248,856.167700014416
"613",1167138000,13,0.978263389120097,0.971530018195577,520.4,324.326112,939.220088370068
"614",1167141600,14,0.972512680173792,0.984372025311319,517.56,571.754752,1047.22102583373
"615",1167145200,15,0.976298620496843,0.953602432424631,514.08,1149.232688,1099.67937400129
"616",1167148800,16,0.975879738023806,0.967610508388173,510.04,954.699456,1215.39466414093
"617",1167152400,17,0.977802969082694,0.852036861106765,506.08,904.787232,1359.90995428056
"618",1167156000,18,0.976605266702898,0.953578470768173,500.72,622.321504,1522.3337935282
"619",1167159600,19,0.975434380277635,0.981788231109171,495.84,578.966464,1676.67747653191
"620",1167163200,20,0.983582304678955,0.935749096716142,491.12,743.9436,1855.64970864361
"621",1167166800,21,0.982942688098536,0.666010044437043,487.68,915.89456,2027.07911709331
"622",1167170400,22,0.983137301000846,0.927521659945911,483.4,523.298368,2189.36562375902
"623",1167174000,23,0.984372561062655,0.934016997946284,479.36,615.763808,2376.14342507278
"624",1167177600,24,0.987329744447919,0.893759469976778,475.44,549.697248,2589.77840272453
"625",1167181200,1,0.987640375005082,0.863491411623533,470.8,421.696352,2812.16765493028
"626",1167184800,2,0.987367511054434,0.80909703855566,466.28,472.364544,3030.57973079805
"627",1167188400,3,0.986787806336719,0.634799791581311,461.48,439.549712,3254.90035577382
"628",1167192000,4,0.98681601217996,0.0678842932891428,457.08,796.713488,3482.04380441161
"629",1167195600,5,0.987430711430807,-0.252742716743348,452.88,815.43544,3737.57588027937
"630",1167199200,6,0.986575597941841,-0.127162944224973,448.84,786.940304,4038.04513248513
"631",1167202800,7,0.986345923205167,-0.790838796829611,444.56,1527.381616,4373.81728647486
"632",1167206400,8,0.989167515465682,-0.0663224896908892,440.44,778.312688,4681.36081323462
"633",1167210000,9,0.988815664256797,-0.11530241228026,436.92,687.752048,4977.36143821039
"634",1167213600,10,0.988635185840709,-0.426475830415163,433.4,821.853456,5297.85351407816
"635",1167217200,11,0.988784005563764,-0.569288141164022,430.12,960.16056,5643.79704083792
"636",1167220800,12,0.989325272465754,-0.843951688543468,426.76,1363.387648,6008.94056759767
"637",1167224400,13,0.989705286804765,-0.925896335637057,423.32,1657.605728,6341.88974168145
"638",1167228000,14,0.993603017137846,-0.784791247756886,419.96,1185.749824,6621.14738675127
"639",1167231600,15,0.994622163084984,-0.830117843339219,415.64,1217.403952,6878.86213003711
"640",1167235200,16,0.993882177422335,-0.540916487719391,412.04,639.199792,7151.26259876894
"641",1167238800,17,0.99481771993428,-0.0131097159340235,408.44,467.01056,7435.30879294676
"642",1167242400,18,0.996022825245091,0.597827504132462,404.92,310.963104,7699.1720853406
"643",1167246000,19,0.995492196818743,0.740813842175389,401.96,298.95984,7952.46392684245
"644",1167249600,20,0.995799356917478,0.874346328347078,399.08,397.681552,8226.57867012829
"645",1167253200,21,0.995028543297632,-0.549421322407935,396.08,681.443776,8488.23623707613
"646",1167256800,22,0.996025557534682,-0.672978800815889,393.24,972.667584,8763.66525491597
"647",1167260400,23,0.995916931117562,-0.665580805518714,390.88,717.111152,9049.5057236478
"648",1167264000,24,0.994860037661614,0.357228453295599,388.4,386.620176,9308.71756514965
"649",1167267600,1,0.995166985495891,0.39237993815329,385.96,401.732192,9556.43223031351
"650",1167271200,2,0.99539076350996,0.122406802692274,383.64,572.96528,9775.00399369339
"651",1167274800,3,0.995345831680376,0.211124365852266,381.4,553.635376,9976.76430618128
"652",1167278400,4,0.995420271620099,0.275956370604371,379.28,526.855616,10174.5588932232
"653",1167282000,5,0.994883805676022,0.568614218291453,376.96,367.003136,10351.3363039271
"654",1167285600,6,0.992887304398817,-0.331193941348223,374.52,517.969136,10469.187911063
"655",1167289200,7,0.990012377134819,0.219361983512074,371.92,197.6788,10499.290812847
"656",1167292800,8,0.990237367868087,0.43215498856758,369.52,150.366896,10468.867911063
"657",1167296400,9,0.989963813526402,0.566167194138654,367.28,70.434432,10476.433636509
"658",1167300000,10,0.989201480410358,0.751926913739892,364.96,72.293712,10432.719283833
"659",1167303600,11,0.988180126511279,0.784476813800409,362.56,43.5130239999999,10298.0905003591
"660",1167307200,12,0.989754158263279,0.900782873457776,360.16,21.188336,10083.3930115332
"661",1167310800,13,0.990443857340115,0.876074456763742,358,24.5329120000001,9841.11834636937
"662",1167314400,14,0.989615769626659,0.858522424370274,356.2,31.5808960000001,9657.97521021947
"663",1167318000,15,0.988947645072491,0.93629316772048,354.56,16.208864,9533.43787763754
"664",1167321600,16,0.99114839783443,0.912993836661567,352.88,78.947008,9437.16344683959
"665",1167325200,17,0.989470155316487,0.895165401378359,351.16,53.9214880000001,9330.68329059565
"666",1167328800,18,0.989868293883822,0.900876184787086,349.6,53.7843840000001,9200.70595801372
"667",1167332400,19,0.990841133920541,0.862621676115343,348.12,37.667152,9091.98580176977
"668",1167336000,20,0.9913625277437,0.844323377363984,346.48,42.817328,8990.51137097182
"669",1167339600,21,0.989927435177912,0.74694184361156,344.96,54.2829280000001,8926.46556740386
"670",1167343200,22,0.988895535619428,0.674156529119422,343.36,67.1887360000002,8838.8425874979
"671",1167346800,23,0.989023447155348,0.581299887572654,341.68,117.787872,8797.41396026792
"672",1167350400,24,0.986624808171903,0.415646174640393,340.2,153.931408,8788.96823482193
"673",1167354000,1,0.984135930182145,0.238435294295242,338.84,165.234736,8739.49388214595
"674",1167357600,2,0.979341873806,0.116609843487745,337.64,203.189248,8705.55098036197
"675",1167361200,3,0.966202965658715,-0.159245893530715,336.52,291.493168,8664.12235313199
"676",1167364800,4,0.948673028035181,-0.357572947490001,335.44,414.108832,8584.86509867203
"677",1167368400,5,0.938417567476343,-0.517373882383262,334.48,751.01104,8535.87074599605
"678",1167372000,6,0.920748551977482,-0.620208468446553,333.84,1333.317232,8487.35639332008
"679",1167375600,7,0.890461705773664,-0.650137795541096,333.68,1439.313296,8433.27631519811
"680",1167379200,8,0.907507028309574,-0.664771105086571,333.84,2151.269296,8448.8077660901
"681",1167382800,9,0.915291502004351,-0.685311422555264,333.8,3178.462944,8510.93356965806
"682",1167386400,10,0.954002374913598,-0.760274976655259,334.04,3904.225136,8541.99647144205
"683",1167390000,11,0.95836875139989,-0.777182019323668,334.8,2064.669024,8664.96807857798
"684",1167393600,12,0.972214063514038,-0.84771603669203,336.04,1546.199648,8864.92266561987
"685",1167397200,13,0.982818651750598,-0.753388348870092,337.4,980.775824,9071.49442899975
"686",1167400800,14,0.986906712050718,-0.651238730394703,338.4,810.086016,9280.46619237963
"687",1167404400,15,0.982468574120094,-0.599775020379483,339.08,910.005376,9455.32360308353
"688",1167408000,16,0.976544568559158,-0.670023561373615,339.6,1026.910624,9646.46673923343
"689",1167411600,17,0.972564769843483,-0.695620382559263,340.16,1247.24352,9783.36979726136
"690",1167415200,18,0.975735896137772,-0.608467832494997,340.84,1566.275856,9873.67850261331
"691",1167418800,19,0.97233936637291,-0.537908805335439,341.4,1311.673648,9979.03865885725
"692",1167422400,20,0.973822418884353,-0.559596695294453,341.92,1656.162704,10121.7017168852
"693",1167426000,21,0.972528731255069,-0.556348801416368,342.24,1246.161248,10274.5705003591
"694",1167429600,22,0.974573251832686,-0.611698236097037,342.68,900.940368,10407.782107495
"695",1167433200,23,0.972424375442594,-0.603447109504481,342.88,930.937456,10520.982263739
"696",1167436800,24,0.973762616697089,-0.68212349865807,342.92,905.807664,10605.8395181989
"697",1167440400,1,0.975064574419814,-0.746248359256709,343.16,1064.13856,10622.8109690909
"698",1167444000,2,0.973122293137108,-0.734263400294823,343.32,1033.941136,10680.8110472129
"699",1167447600,3,0.970272701370805,-0.781180185483,343.52,672.770544,10723.4396744429
"700",1167451200,4,0.952201127140554,-0.772207973649233,343.92,794.422176,10781.9997525649
"701",1167454800,5,0.944665785354528,-0.775708108086383,344.16,636.998912,10903.8856342548
"702",1167458400,6,0.941950509042107,-0.761318313250597,344.4,490.811664,11022.6857904987
"703",1167462000,7,0.941222431332099,-0.758795689741575,344.68,731.741056,11140.3659467427
"704",1167465600,8,0.945342170435939,-0.75761911374811,344.6,978.71392,11389.9319846766
"705",1167469200,9,0.943824744737199,-0.740423534737611,344.28,1071.953712,11620.9608462725
"706",1167472800,10,0.938729859579838,-0.739122317268536,344.12,1174.0768,11910.0583350983
"707",1167476400,11,0.951710488162003,-0.896392787630632,343.48,708.747984,12258.0701766002
"708",1167480000,12,0.958786400107991,-0.922710710638097,342.4,647.723872,12543.8419399801
"709",1167483600,13,0.946708408385051,-0.939100599368761,341.2,954.670464,12739.682174346
"710",1167487200,14,0.929559747711707,-0.942823277176087,340,838.07552,12966.8253104959
"711",1167490800,15,0.908340292604786,-0.928107428697934,339.04,763.967776,13195.9684466458
"712",1167494400,16,0.900786044176346,-0.88152110531604,338.04,675.363584,13386.7686810117
"713",1167498000,17,0.878204649510543,-0.853696412398893,337.32,624.945952,13545.3060135936
"714",1167501600,18,0.863180946557098,-0.891618274275648,336.84,639.29504,13727.8205225135
"715",1167505200,19,0.807066711352051,-0.72968362677308,336.28,453.570656,13933.1122077714
"716",1167508800,20,0.759671420475597,-0.683356781223434,335.56,655.844496,14150.2096184753
"717",1167512400,21,0.756127352414153,-0.618507660609751,334.8,273.399008,14298.7812256113
"718",1167516000,22,0.780449898326134,-0.664682259963097,334.16,185.998576,14400.4842055172
"719",1167519600,23,0.801353950389181,-0.845485442082601,333.6,454.148976,14436.9871073012
"720",1167523200,24,0.832631389565617,-0.744483547967769,333.2,523.698416,14481.2157345312
"721",1167526800,1,0.851116356713911,-0.388620885689161,333.12,389.319088,14446.3128327472
"722",1167530400,2,0.845326158723659,0.0749695622371896,332.84,581.219216,14429.3413818552
"723",1167534000,3,0.862802999897232,0.464983286545954,332.64,490.179488,14379.3870291793
"724",1167537600,4,0.892378562181425,0.684733603684623,332.36,399.404128,14250.0154220433
"725",1167541200,5,0.887064606043808,0.734872731140229,331.76,517.550272,14167.5581675834
"726",1167544800,6,0.885195925167205,0.843288341743267,331.2,314.641248,14068.6094622314
"727",1167548400,7,0.898949564792618,0.903991972344304,330.64,174.295168,13926.3921296495
"728",1167552000,8,0.88541952303489,0.556665680126365,329.48,156.940304,13748.5061698376
"729",1167555600,9,0.90110862560282,0.576604227944871,328.44,276.063504,13390.0485247677
"730",1167559200,10,0.928597814240073,0.860549526209722,327.2,388.422048,12938.504998008
"731",1167562800,11,0.950109375449845,0.794238897905936,325.72,257.304208,12404.9956676803
"732",1167566400,12,0.959756476135024,0.868490414224443,324.52,492.666576,11838.9948864605
"733",1167570000,13,0.959282436614088,0.949394868904905,323.68,843.5672,11322.0341833628
"734",1167573600,14,0.954301056938918,0.933581596405544,322.68,1005.40368,10825.3363039271
"735",1167577200,15,0.949621221027566,0.939994935754538,321.68,1093.70496,10310.8897972614
"736",1167580800,16,0.945558366954426,0.961677345706285,320.84,980.16496,9757.43748702768
"737",1167584400,17,0.955106646037693,0.945281247062826,320.16,1253.288656,9209.16227501002
"738",1167588000,18,0.951349342633118,0.952904222687395,319.36,1211.347456,8664.70423933034
"739",1167591600,19,0.943196955851216,0.963482183069224,318.44,1142.846064,8116.42902731268
"740",1167595200,20,0.935900727445076,0.971561716007609,317.48,1227.1072,7535.70793360507
"741",1167598800,21,0.934478910341128,0.979643500471516,316.84,1599.009648,6910.36942919357
"742",1167602400,22,0.94266681791915,0.975406963082217,316.4,1123.778976,6303.53359220013
"743",1167606000,23,0.948299443470564,0.950159756807979,316.24,1255.9476,5797.9431681648
"744",1167609600,24,0.948021411672392,0.92599692872376,316.04,1954.356704,5521.0152553036
