"","Date","hour","corrPrior","corrPred","coh","mse","mseZero"
"1",1120179600,1,0.991082417921736,0.0898982107447694,7.708,55.88773856,134.415485715525
"2",1120183200,2,0.992067113569206,0.351401914358628,8.016,48.56720624,132.929860452837
"3",1120186800,3,0.989191128139922,0.44639975318185,8.336,49.78237984,131.401258949638
"4",1120190400,4,0.992340628195551,0.615852000481523,8.672,48.14808528,129.601532032934
"5",1120194000,5,0.992296002826829,0.396813565777145,9.004,55.43807424,127.542447522343
"6",1120197600,6,0.99231474294781,0.670607591376564,9.36,54.6366616,125.30130707188
"7",1120201200,7,0.994179215553836,0.57147651471063,9.716,57.02088608,122.919590380904
"8",1120204800,8,0.995023723102923,0.605768474294025,10.1,59.4277992,120.323278802793
"9",1120208400,9,0.993849945226435,0.666636021945551,10.588,58.57129456,117.075609630794
"10",1120212000,10,0.991925834076068,0.782851645261456,11.136,52.97314432,111.868769331147
"11",1120215600,11,0.991368965866526,0.846153839787839,11.688,47.16953136,105.337846024109
"12",1120219200,12,0.98638438580203,0.650097443742002,12.096,65.18924784,98.7277600103179
"13",1120222800,13,0.983636730581999,0.736855530722506,12.632,68.720532,95.3761654248149
"14",1120226400,14,0.973883795939656,0.94730723953416,13.62,38.13458288,88.8192234711522
"15",1120230000,15,0.980991078717768,0.948493263219393,14.628,41.15143184,65.1657004657464
"16",1120233600,16,0.972540649801201,0.956004109719776,15.136,29.78394512,40.5182706934606
"17",1120237200,17,0.965708936011728,0.921392830201032,15.792,54.98170544,33.947496559414
"18",1120240800,18,0.963596077341507,0.915761365354752,16.432,57.87744512,23.1045564105836
"19",1120244400,19,0.950909970837139,0.929374040199488,16.776,59.37458672,12.5303789685052
"20",1120248000,20,0.943071590887121,0.901642440224926,17.016,51.80533424,9.42407761612219
"21",1120251600,21,0.941058857088145,0.874837418548352,17.084,40.34765024,7.78449145151503
"22",1120255200,22,0.94532564626289,0.802281069879225,16.948,31.75714496,7.75588994831561
"23",1120258800,23,0.951842631232876,0.660579049013636,16.788,27.61497856,8.14063581327592
"24",1120262400,24,0.959197192820401,0.32197866894921,16.652,21.7957976,8.56694438498821
"25",1120266000,1,0.963095574141941,-0.113115639419963,16.436,19.48408864,9.03214618982054
"26",1120269600,2,0.965216686281918,-0.309763404139084,16.184,18.99437776,9.61045476153284
"27",1120273200,3,0.969729387398705,-0.250389221734418,15.884,14.6813544,10.1571073933731
"28",1120276800,4,0.974055974773739,-0.316594051043081,15.568,9.76806016,10.6475735589733
"29",1120280400,5,0.975667763311641,-0.330164662212163,15.2,7.1140096,11.0896210779495
"30",1120284000,6,0.977741329193113,-0.357585528048736,14.844,6.74179328,11.4787567171816
"31",1120287600,7,0.98056668746467,-0.355262436385844,14.44,6.17870608,11.9892228827818
"32",1120291200,8,0.980944657592091,-0.488692307825531,13.992,6.70408512,12.3030839355179
"33",1120294800,9,0.981042967347939,-0.354725632090916,13.492,8.16628992,12.589289048382
"34",1120298400,10,0.981931322086878,-0.4246656564395,12.9,6.34785328,12.8070382213741
"35",1120302000,11,0.984612025399395,-0.405203745266353,12.24,5.529668,13.0872246876142
"36",1120305600,12,0.98746815832419,-0.407919171407712,11.572,6.38532,13.3241738606062
"37",1120309200,13,0.987943535144943,-0.26383039559392,11.056,5.51506848,13.3802111538542
"38",1120312800,14,0.99343910845416,-0.370108013419127,10.4,3.93085888,13.5791416802223
"39",1120316400,15,0.993069619731713,-0.210941974463748,9.268,3.23545888,13.7780722065903
"40",1120320000,16,0.995830540968027,-0.298861642077287,8.116,1.85466832,13.7488535599663
"41",1120323600,17,0.996296570348765,-0.359030981377232,7.424,1.88279824,13.7788722065903
"42",1120327200,18,0.996176228775771,-0.460282669366569,6.596,1.3003904,13.7788722065903
"43",1120330800,19,0.994217735221666,-0.452273644040276,5.776,2.28832768,13.7488535599663
"44",1120334400,20,0.991981804228191,-0.551997167903274,5.24,3.21593904,13.7796722065903
"45",1120338000,21,0.98802159779553,-0.511413557100638,4.808,3.23837264,13.7496535599663
"46",1120341600,22,0.991681105760375,-0.350121177710626,4.508,4.14873536,13.8072908532143
"47",1120345200,23,0.989361784548327,-0.178823579985945,4.348,3.2377944,13.7496535599663
"48",1120348800,24,0.988114609066893,-0.0446351626097899,4.196,2.54427248,13.8024908532143
"49",1120352400,1,0.983864146476492,0.0849189702551182,4.024,1.32362288,13.8024908532143
"50",1120356000,2,0.979140475959865,0.396285782691913,3.872,0.594016320000001,13.7480535599663
"51",1120359600,3,0.975528662700095,0.577166221741709,3.732,0.50645088,13.6888162667183
"52",1120363200,4,0.968414311427387,0.292447071252707,3.632,0.95109264,13.8136908532143
"53",1120366800,5,0.952604076149755,0.165073804407803,3.536,1.20205312,13.9061467930864
"54",1120370400,6,0.951788043423158,0.25593374077978,3.464,0.96939792,14.0562400262064
"55",1120374000,7,0.943000398809461,0.277059183123776,3.364,2.3455568,14.2435519059505
"56",1120377600,8,0.917626486644146,0.445424979828482,3.308,3.0101024,14.2135332593264
"57",1120381200,9,0.874159825932216,0.595176969318939,3.264,1.91967472,14.2135332593264
"58",1120384800,10,0.840278686925309,0.302637050991929,3.232,0.66654736,14.2759705525745
"59",1120388400,11,0.876993144947218,0.0208493311497493,3.192,1.12638848,14.3067891991985
"60",1120392000,12,0.8938760127204,0.031194495257158,3.16,0.72950592,14.1566959660784
"61",1120395600,13,0.851816271011488,0.316006373747136,3.152,0.1913232,13.7756349133423
"62",1120399200,14,0.83881286319022,0.380351165207589,3.124,0.23643408,13.6171230335983
"63",1120402800,15,0.835441835299892,0.30196077985505,3.096,0.20825504,13.3929738606062
"64",1120406400,16,0.833453182848338,0.106585446438448,3.1,0.3394536,13.3621552139822
"65",1120410000,17,0.808438364537338,-0.0062127566508132,3.096,0.4403304,13.4213925072302
"66",1120413600,18,0.797370798186065,-0.0579214911397633,3.096,0.45296304,13.3913738606062
"67",1120417200,19,0.76880935526185,-0.0119901179491941,3.1,0.701785119999999,13.3013179207342
"68",1120420800,20,0.738270220180272,0.0582662943337018,3.096,0.741033759999999,13.2720992741102
"69",1120424400,21,0.754921843439422,0.135843268610215,3.1,0.28475232,13.1536246876142
"70",1120428000,22,0.755637441224388,-0.00795413725976103,3.092,0.44382448,13.1836433342382
"71",1120431600,23,0.824589822352353,0.117036460650429,3.1,0.51692992,13.2136619808622
"72",1120435200,24,0.78015314873289,-0.155848050718581,3.092,0.828236,13.3013179207342
"73",1120438800,1,0.845238842808593,-0.176195999727398,3.092,0.98659552,13.4474111538542
"74",1120442400,2,0.873058488397032,-0.0756557881303817,3.1,0.52230336,13.5302670937263
"75",1120446000,3,0.837408770877262,0.101411524974468,3.108,0.45982512,13.6131230335983
"76",1120449600,4,0.779184800343959,0.190993224267389,3.092,0.49837136,13.5302670937263
"77",1120453200,5,0.845627601683601,0.174251094027205,3.08,0.26318944,13.3201365673582
"78",1120456800,6,0.866581381435076,0.247852445319289,3.06,0.19931664,12.9502755146221
"79",1120460400,7,0.867069692072945,0.169801847519356,3.036,0.2335616,12.71972634163
"80",1120464000,8,0.870118605684532,0.0334068601192944,3.04,0.31309184,12.449558522014
"81",1120467600,9,0.856176372077041,0.10602226910946,3.04,0.18242832,12.3374839355179
"82",1120471200,10,0.829147184307739,0.24437472326824,3.032,0.24733424,12.2073907023979
"83",1120474800,11,0.852587402156995,0.129795151129844,3.028,0.2003672,11.9035855895338
"84",1120478400,12,0.837083640430004,0.310038292658971,3.048,0.21322368,11.6085804766697
"85",1120482000,13,0.925327155535742,0.351257047430234,3.104,1.19191408,11.4320499503017
"86",1120485600,14,0.895300597035544,0.557537801345258,3.128,1.71402544,11.5501431834217
"87",1120489200,15,0.894887020535737,0.620538760225796,3.16,1.30710048,11.5997804766697
"88",1120492800,16,0.871572716014794,0.723232836514241,3.164,0.84204992,11.6249991232937
"89",1120496400,17,0.878943662732004,0.728611528678266,3.156,0.37206048,11.4316685969257
"90",1120500000,18,0.892460993366429,0.795090234767271,3.16,0.34383408,11.2895753638056
"91",1120503600,19,0.870378425112537,0.798959890880693,3.172,0.45456992,11.1018448374376
"92",1120507200,20,0.8652098255936,0.743645500150378,3.176,0.45941392,10.9929702509415
"93",1120510800,21,0.847448314034739,0.715364637867557,3.192,0.53276896,10.7447837847015
"94",1120514400,22,0.844148261405432,0.715918287522719,3.188,0.30205184,10.5462346117094
"95",1120518000,23,0.848602942651299,0.732013160886488,3.184,0.29970128,10.3048667920933
"96",1120521600,24,0.862702072000477,0.740062345714042,3.172,0.23299232,10.0634989724773
"97",1120525200,1,0.87182821026988,0.644537207927185,3.152,0.24424512,9.79931250623719
"98",1120528800,2,0.82852080859152,0.587963432435661,3.14,0.2216,9.46107010012509
"99",1120532400,3,0.810887623854753,0.62384190178842,3.128,0.10025376,9.13600904738898
"100",1120536000,4,0.854629809393599,0.424710126365167,3.14,0.29932208,8.76169205478085
"101",1120539600,5,0.845003699429646,0.300115533225204,3.168,0.22966,8.41575641554871
"102",1120543200,6,0.864276646368468,0.751734394817019,3.224,0.59261488,8.03138348306856
"103",1120546800,7,0.847717279905757,0.625285746138305,3.256,0.37633648,7.80910378370844
"104",1120550400,8,0.836522522015326,0.805086428781555,3.292,0.20129264,7.45673085122829
"105",1120554000,9,0.851003158458643,0.77540108140841,3.308,0.28010384,7.07833927212413
"106",1120557600,10,0.874429966136182,0.872512296105842,3.328,0.2028656,6.72078498626798
"107",1120561200,11,0.869644471607877,0.912578433272004,3.372,0.2514304,6.42806799365985
"108",1120564800,12,0.893958991955471,0.926862938814029,3.416,5.27677824,6.19382558754775
"109",1120568400,13,0.91838509896012,0.930231888392167,3.444,5.08968672,5.92830859493961
"110",1120572000,14,0.908298701952228,0.913538449865568,3.424,1.10949328,5.65437295570747
"111",1120575600,15,0.906367631030122,0.887737331841724,3.416,0.15305504,5.30200002322732
"112",1120579200,16,0.911878468010263,0.900607946570856,3.412,0.32974592,4.94040844412316
"113",1120582800,17,0.909252407153416,0.949921466310246,3.44,0.24813552,4.5305931055309
"114",1120586400,18,0.90114814836804,0.926600768341175,3.46,0.5059784,4.15990318044262
"115",1120590000,19,0.901952014856837,0.941592860843594,3.488,0.26062976,3.72406919522635
"116",1120593600,20,0.909324536085871,0.918518618133803,3.504,0.273052,3.36716573637814
"117",1120597200,21,0.884656089785849,0.905465090182661,3.544,0.24046256,2.96344363090593
"118",1120600800,22,0.897120433550038,0.890585661689049,3.576,0.27640496,2.71830799167379
"119",1120604400,23,0.882980671360319,0.917124690565911,3.612,0.40889392,2.44071641256962
"120",1120608000,24,0.870219729530478,0.903635975394817,3.648,0.41504144,2.16159941996149
"121",1120611600,1,0.844755656109629,0.86102987982749,3.688,0.643068960000001,1.84438919423332
"122",1120615200,2,0.810682658429646,0.828216660988451,3.74,0.81907344,1.55571791576904
"123",1120618800,3,0.823538293180443,0.752337517944885,3.796,0.80920112,1.34220934405675
"124",1120622400,4,0.871702972545456,0.632046525697904,3.864,1.16693088,1.19639400546449
"125",1120626000,5,0.913123785374291,0.162467862674479,3.936,1.69456096,1.10901596012025
"126",1120629600,6,0.958511817715905,0.68661792672303,4.016,0.783801439999999,1.148000621528
"127",1120633200,7,0.975629738162897,0.851203328820064,4.076,0.33600016,1.18462257618376
"128",1120636800,8,0.977953675464093,0.87054764284391,4.156,0.38150272,1.20337505720757
"129",1120640400,9,0.982048052825566,0.882394566868233,4.24,0.42438432,1.39508513211929
"130",1120644000,10,0.981953524191395,0.849192280424506,4.316,0.56211104,1.46652573339905
"131",1120647600,11,0.983258636845457,0.7854700741611,4.384,0.6346072,1.59903580831077
"132",1120651200,12,0.982172718210755,0.669652763011512,4.436,2.18754864,4.08970167227805
"133",1120654800,13,0.979962082786678,0.572345763540867,4.504,6.6243056,9.649184378037
"134",1120658400,14,0.981456758671587,0.543188223792583,4.576,8.702216,12.4214129487563
"135",1120662000,15,0.98226828866415,0.548677766717509,4.656,8.31001152,12.9888992641799
"136",1120665600,16,0.981701054416243,0.405884408198834,4.74,8.81362864,13.0092144519557
"137",1120669200,17,0.9675045340659,-0.0293208759010038,4.872,10.82891312,13.0279669329795
"138",1120672800,18,0.972831457587884,-0.142726317154697,5.02,10.74719728,13.0420974593476
"139",1120676400,19,0.969136123879507,0.428265135651607,5.156,8.0685368,13.0423212188356
"140",1120680000,20,0.965546075045528,0.477888109684188,5.264,7.49488448,13.0993161059716
"141",1120683600,21,0.964374627749933,0.641699547675647,5.376,6.0077304,13.4794821207553
"142",1120687200,22,0.958125749963044,0.615874979526584,5.448,6.12553632,13.5627278348991
"143",1120690800,23,0.961592431578107,0.624102268977859,5.532,5.78571696,13.5627278348991
"144",1120694400,24,0.943714035304919,0.60566725255195,5.6,6.26762576,13.6384956545152
"145",1120698000,1,0.933533410135618,0.538200034262623,5.688,7.23922064,13.7254261808833
"146",1120701600,2,0.911401481789423,0.619066816521093,5.832,7.37229024,13.7838346017791
"147",1120705200,3,0.914524416987402,0.556073208244809,5.984,9.23081856,15.4471717442107
"148",1120708800,4,0.918779692665971,0.312837045238872,6.116,12.56538816,16.3492818191224
"149",1120712400,5,0.922288397882441,-0.0907539610563607,6.24,14.30039232,17.788349487922
"150",1120716000,6,0.93206180720226,-0.213219502346798,6.372,16.22792752,19.2182358033456
"151",1120719600,7,0.935332851577084,-0.32529580058182,6.496,20.42569296,21.7118610660331
"152",1120723200,8,0.944659111843617,-0.235573513301529,6.592,19.53776064,23.6688355017127
"153",1120726800,9,0.944137806625605,-0.341145750435341,6.74,26.75579552,25.8500794110242
"154",1120730400,10,0.943380239398147,-0.248567650823094,6.86,24.28453008,29.2087741473437
"155",1120734000,11,0.943027101487549,-0.193389211592419,7.008,25.20877168,31.5744367032792
"156",1120737600,12,0.957353116596639,-0.721639726934522,7.38,29.96437568,34.1173179058387
"157",1120741200,13,0.982779751723986,-0.368650548751448,7.92,41.2713728,35.1670382064786
"158",1120744800,14,0.975401036595227,-0.73758384556104,8.3,43.64841728,38.1457161010064
"159",1120748400,15,0.967470094424467,-0.783659856401496,8.496,37.0079272,46.4773684312138
"160",1120752000,16,0.962502532976853,-0.693775582801741,8.6,40.13067184,56.8890003099648
"161",1120755600,17,0.962850618682956,-0.740423475225985,8.696,51.73369168,67.5662033163636
"162",1120759200,18,0.96488418148979,0.665052965890832,8.668,56.5113408,77.6082809092585
"163",1120762800,19,0.969178872873154,0.680860468174937,8.62,67.97745152,84.5609076751454
"164",1120766400,20,0.962059450803502,0.249516065843383,8.664,74.89789008,86.6766345918488
"165",1120770000,21,0.948214215968069,-0.046103180895098,8.8,67.76371536,89.3073293281683
"166",1120773600,22,0.944927925212202,-0.115181915077286,8.876,69.01478992,92.0194664705998
"167",1120777200,23,0.929499500392722,0.444210055596503,8.876,71.98170992,93.4661900792715
"168",1120780800,24,0.925394831947496,0.48649043572731,8.84,84.26417488,94.479889928455
"169",1120784400,1,0.931228516597894,0.549912524453022,8.812,95.810264,95.7341287249024
"170",1120788000,2,0.922077493192321,0.280172275524937,8.896,87.91890416,100.877230077285
"171",1120791600,3,0.88984804393763,-0.0302159565227544,9.124,75.88348656,117.441687218724
"172",1120795200,4,0.898855590389879,-0.0226441501494233,9.272,102.6348112,162.532122103874
"173",1120798800,5,0.912321899893455,-0.351472991146567,9.472,122.0789904,196.141553680992
"174",1120802400,6,0.923444856651036,-0.267898733041902,9.668,124.514908,202.831224657823
"175",1120806000,7,0.92396631380757,-0.221727464741634,9.92,122.7055176,202.117541650431
"176",1120809600,8,0.924541185589364,-0.151264438675272,10.14,116.07775088,201.13185864304
"177",1120813200,9,0.932292225553231,-0.125440253152162,10.388,115.66988032,206.564646612479
"178",1120816800,10,0.925959597128012,0.113581874424059,10.668,103.81525504,209.696282100895
"179",1120820400,11,0.919269796719979,0.404888817385778,10.912,95.4056456,218.616353077726
"180",1120824000,12,0.942237428875277,0.549695789497795,11.152,86.39875232,225.728535934301
"181",1120827600,13,0.930672969417298,0.411180158201894,11.212,75.81941568,229.423715482845
"182",1120831200,14,0.921687209677416,-0.0427674998733475,11.324,88.31202832,230.479073076733
"183",1120834800,15,0.945168197620398,-0.0106230509240426,11.656,108.4601976,227.218451122077
"184",1120838400,16,0.961825484106762,-0.0777079350040611,12.164,109.42983136,223.24586646067
"185",1120842000,17,0.965848387362366,-0.0687809445525634,12.764,98.91322256,218.474230972254
"186",1120845600,18,0.971714934036283,-0.0582346141305364,13.348,83.30374144,209.967490521791
"187",1120849200,19,0.968471055673597,-0.0622354903416667,13.9,79.42568416,201.156592477439
"188",1120852800,20,0.963262271496331,0.161991238282499,14.216,68.80305808,194.861089320224
"189",1120856400,21,0.959861421340015,0.176232842887896,14.496,75.0719744,193.248579245312
"190",1120860000,22,0.965975176759552,-0.0299735300700257,14.724,78.11468672,190.851604809633
"191",1120863600,23,0.965742429113036,0.169517632705038,14.912,81.05517792,187.966816840193
"192",1120867200,24,0.959850810989491,0.481243165849939,15.148,78.21398544,186.948101652417
"193",1120870800,1,0.952105584751079,0.487883752538543,15.44,79.95280976,187.545859246305
"194",1120874400,2,0.92594032724622,0.548037628054852,15.976,66.68266864,187.890128719937
"195",1120878000,3,0.920572968650564,0.776860384845304,16.736,37.33269248,182.832225562722
"196",1120881600,4,0.949505339639219,0.748019468657225,17.844,34.95567296,172.043773232515
"197",1120885200,5,0.940503345515609,0.573444595777233,18.824,38.84008352,135.373985564708
"198",1120888800,6,0.919771447070611,0.362146290003945,19.152,35.41654832,106.185304663781
"199",1120892400,7,0.928363292888528,0.367055699415991,19.084,45.4485384,103.113864062502
"200",1120896000,8,0.934761308107357,0.465383832320186,19.016,62.94064736,108.098046919077
"201",1120899600,9,0.900145496577674,0.460785466499839,19.276,55.61241456,114.63777383578
"202",1120903200,10,0.896312981048834,0.239647424785929,19.44,70.2190936,119.66102797082
"203",1120906800,11,0.860018453140817,0.0540993702063326,19.768,101.27105136,178.593713682978
"204",1120910400,12,0.860352370301394,0.041607944679574,20.072,84.94867728,166.143553082691
"205",1120914000,13,0.860304348657703,-0.0133595189939595,20.248,84.86212688,156.681197595269
"206",1120917600,14,0.852826386956561,-0.156626119039182,20.3,90.03284736,150.970763911685
"207",1120921200,15,0.852872940886814,-0.184854620210395,20.176,82.52075952,154.256948573093
"208",1120924800,16,0.857857907420008,-0.306468984380126,20.044,81.26352176,152.955228272453
"209",1120928400,17,0.860451499919831,-0.439853719656572,19.88,85.86036192,160.981690828389
"210",1120932000,18,0.856968440014712,-0.529762250961941,19.524,118.56448528,184.759312481411
"211",1120935600,19,0.888281013140632,-0.599388171139063,19.116,169.01134496,234.632379546945
"212",1120939200,20,0.895539296113952,-0.595076740583512,18.752,190.13247344,244.220765711552
"213",1120942800,21,0.904218945610977,-0.543859177256694,18.604,205.45577808,251.054175635648
"214",1120946400,22,0.914484229342161,-0.5419629906805,18.384,221.10593696,257.716348266495
"215",1120950000,23,0.929386139843372,-0.486654168592706,18.124,235.58700096,269.953551272894
"216",1120953600,24,0.930411594115785,-0.311342973484804,18.02,239.43634032,279.103127211773
"217",1120957200,1,0.908159624886548,-0.15212956518076,18.072,243.7397792,281.40623217382
"218",1120960800,2,0.909041713533913,-0.180141740385207,18.1,244.75630864,279.999873076733
"219",1120964400,3,0.921279468161764,0.0635546859577289,17.736,236.57530752,278.801737739134
"220",1120968000,4,0.905940029117325,0.0543840858878385,17.404,220.51781664,279.150093829822
"221",1120971600,5,0.839301826207684,0.107096057707711,16.672,169.67616656,274.106789169408
"222",1120975200,6,0.86943450446687,0.161614079990418,15.96,153.79164816,264.919849020577
"223",1120978800,7,0.899567228780227,0.197062417588341,15.84,150.95774384,261.12603729165
"224",1120982400,8,0.900120967724769,0.241550376806304,16.144,152.15254768,257.657750976226
"225",1120986000,9,0.915909491489862,0.328966157035469,16.46,144.426304,253.748320600674
"226",1120989600,10,0.91075289361962,0.318444671627839,16.62,142.79675552,247.419719097475
"227",1120993200,11,0.910427228611334,0.22789649931264,17.76,171.63923296,235.204497444452
"228",1120996800,12,0.864617190366291,0.242917236387912,17.108,109.85320016,171.227433988583
"229",1121000400,13,0.893840415516466,0.442691954460353,16.412,127.53042496,171.462372935847
"230",1121004000,14,0.892009219423319,0.51901706921801,16.076,130.39726592,171.323944063495
"231",1121007600,15,0.866332809725776,0.608420534520225,16.208,112.873528,170.633750981191
"232",1121011200,16,0.850694654421649,0.734461731691297,16.148,101.53347264,163.044539553896
"233",1121014800,17,0.821963879878161,0.733585005080936,16.392,73.91648256,159.575150081258
"234",1121018400,18,0.812596921735769,0.828830293559824,16.988,46.2653312,144.947094744651
"235",1121022000,19,0.822771317177839,0.820442598706054,18.132,36.33620032,115.56254978459
"236",1121025600,20,0.834183675166468,0.713361323859736,18.564,35.94078288,64.0500084341928
"237",1121029200,21,0.822008930519806,0.693643371536457,18.948,37.10083792,53.8038309921144
"238",1121032800,22,0.809912922626217,0.694488599928833,19.34,34.20492288,46.9079127979398
"239",1121036400,23,0.798969495962889,0.653166481124387,19.94,43.83642,40.3371386638931
"240",1121040000,24,0.776902839002212,0.552597524022869,20.46,66.33476944,28.4495849813028
"241",1121043600,1,0.794243548510929,0.468059154101271,20.652,56.13957616,19.4029600202482
"242",1121047200,2,0.801399519454218,0.41850963367723,20.3,35.41292736,16.8962484421371
"243",1121050800,3,0.809204808585613,0.529195434041671,19.9,21.13695088,17.0503789685052
"244",1121054400,4,0.813562369982908,0.611005112159863,19.652,14.99884816,16.9959416752571
"245",1121058000,5,0.831768779092752,0.582753246231167,18.988,14.96373952,17.0583789685052
"246",1121061600,6,0.851182871515575,0.416287650885157,18.16,15.59408528,17.1700349083772
"247",1121065200,7,0.83987213275561,0.671354715147845,17.948,14.68529984,17.0947976151292
"248",1121068800,8,0.836925799907148,0.61954492481811,17.752,13.84035408,15.7204012247938
"249",1121072400,9,0.831844093279651,0.724805891307889,17.544,14.28786048,14.3336607743305
"250",1121076000,10,0.82436553517028,0.816312082850576,17.244,12.9249888,13.0336186698513
"251",1121079600,11,0.840740424775881,0.724281493844189,16.648,10.16000112,11.345659572764
"252",1121083200,12,0.914588930320617,0.790979107364196,15.16,11.90017632,11.2265919039644
"253",1121086800,13,0.911794544052735,0.758366567931401,15.216,11.75704464,11.1828361149088
"254",1121090400,14,0.914960039167863,0.586525744116219,15.308,11.9794512,11.1406430326052
"255",1121094000,15,0.921176398079672,0.165093351435543,15.092,13.96648192,11.3847837847015
"256",1121097600,16,0.923675462264762,0.153619100617006,14.408,11.3565272,11.4809329576935
"257",1121101200,17,0.927425954703074,0.146430821423805,13.848,12.0901536,11.2651278448294
"258",1121104800,18,0.929733023560957,0.342945168280879,12.916,10.1259392,10.8007549123493
"259",1121108400,19,0.927616326231321,0.0868362374740288,11.66,6.6248832,10.4933311528612
"260",1121112000,20,0.928031068101161,0.244819163819939,10.06,3.3229904,10.1667073933731
"261",1121115600,21,0.922422475443647,0.243622792372518,9.24,2.178008,9.91813957375704
"262",1121119200,22,0.916885828120547,0.35848313008339,8.536,1.71898768,9.66237175414097
"263",1121122800,23,0.911414708015091,0.325177432881067,7.844,3.69601696,9.46344122777291
"264",1121126400,24,0.925037117803819,0.20166338311721,6.976,1.34509376,9.26451070140486
"265",1121130000,1,0.930294776080334,0.363973576707487,6.252,1.99585504,9.08679882166081
"266",1121133600,2,0.966247445425997,0.229935913361234,5.804,3.71614992,9.35098528790089
"267",1121137200,3,0.966566097403469,0.0819192844382256,5.776,4.83974608,9.71002769401299
"268",1121140800,4,0.962710997791444,-0.123128946411263,5.784,5.47129632,9.93417686700505
"269",1121144400,5,0.96150755902036,0.329791254619049,5.776,6.8972792,10.5374105505884
"270",1121148000,6,0.954316295820208,0.479387373374553,5.764,8.04490464,13.5812746097233
"271",1121151600,7,0.986957846945852,0.509434126044546,5.772,7.64317152,12.9718574662988
"272",1121155200,8,0.982690569309766,0.543905523577743,5.428,7.35913152,12.3954845338186
"273",1121158800,9,0.980795438069201,0.469643397546838,5.072,8.0957312,12.4975777669386
"274",1121162400,10,0.976066963082066,0.343918577660032,4.652,8.45994512,12.4074845338186
"275",1121166000,11,0.964588663910235,0.405004102184443,4.3,8.04642624,11.8917624283464
"276",1121169600,12,0.955019848735714,0.464582665759028,4.1,8.63051232,11.7799946087303
"277",1121173200,13,0.938544684112213,0.552636127360417,3.876,8.81483312,11.6438081424902
"278",1121176800,14,0.905771086444709,0.375252676812631,3.66,8.23544032,11.4964589694982
"279",1121180400,15,0.87258838301416,0.199960199538868,3.544,8.89778064,11.6105522026182
"280",1121184000,16,0.828835317843916,0.0631092787077785,3.512,10.08854176,11.9692132553543
"281",1121187600,17,0.854905984564757,-0.0755911930002663,3.556,11.65179728,12.4652048344585
"282",1121191200,18,0.864969816798203,-0.0517026387789379,3.636,13.12734752,12.8987591203146
"283",1121194800,19,0.861349674807576,0.044929194240225,3.684,11.72836416,13.3022947595468
"284",1121198400,20,0.849227245402003,0.107185182220847,3.732,10.56307632,13.5504812257869
"285",1121202000,21,0.836979941974487,-0.0223181618990769,3.768,10.89178752,13.8771049852749
"286",1121205600,22,0.849596372125096,-0.0983206243196677,3.804,10.77146368,14.157291451515
"287",1121209200,23,0.852275438257592,-0.223772599384981,3.832,11.33158576,14.6195711508751
"288",1121212800,24,0.850350351946118,-0.263880976613171,3.86,11.5254264,15.0202135569872
"289",1121216400,1,0.870331257796551,-0.321025812316298,3.884,11.65334608,15.2507627299793
"290",1121220000,2,0.861411658791287,-0.26730141010219,3.844,11.75120112,15.4941119029714
"291",1121223600,3,0.860251396398985,-0.344117535376138,3.792,12.49639568,15.6910237827154
"292",1121227200,4,0.886267804775389,-0.544878056716464,3.76,13.43180608,15.7582610759634
"293",1121230800,5,0.928608658672865,0.703522817717977,4.096,21.73838064,15.9599729557075
"294",1121234400,6,0.957314557540662,0.743258206893964,4.64,32.26483536,15.6269070917402
"295",1121238000,7,0.948142623016273,0.77740786716619,4.944,31.62402592,12.7531362657253
"296",1121241600,8,0.940858569134616,0.0604050533169779,5.024,23.81798592,13.3245347625259
"297",1121245200,9,0.93873720104182,-0.460181219674061,5.004,21.11451776,13.900907695006
"298",1121248800,10,0.939566417940692,-0.607820309436488,5.024,16.16542576,14.2931687477421
"299",1121252400,11,0.943914435352347,-0.52752210241971,5.136,16.03900384,14.8059603268463
"300",1121256000,12,0.932284413138318,-0.559786553713962,5.172,15.95553184,15.4141383721905
"301",1121259600,13,0.924949341956677,-0.576555272165569,5.212,14.21980528,16.0386977709108
"302",1121263200,14,0.919312013347002,-0.523993959225608,5.244,12.17298864,16.687257169631
"303",1121266800,15,0.917776703738676,-0.581171629986295,5.224,12.14260704,17.3533419818552
"304",1121270400,16,0.91581007755322,-0.527360540201358,5.168,11.37100576,17.8156216812153
"305",1121274000,17,0.924356709580669,-0.509836749246206,5.084,10.68826464,17.9817149143354
"306",1121277600,18,0.930491474168036,-0.529901657400897,5.008,8.042572,18.1161895008314
"307",1121281200,19,0.940257395975682,-0.422977368223973,4.936,8.09699824,18.3851386738234
"308",1121284800,20,0.939679224109878,-0.315198917957952,4.896,6.58643792,18.7981624333115
"309",1121288400,21,0.939228339012052,-0.117481499341393,4.848,4.46749216,19.1635675461756
"310",1121292000,22,0.9461696782332,0.0740215844806611,4.808,5.09478256,19.1635675461756
"311",1121295600,23,0.940868764288323,-0.023367808585594,4.748,2.88540416,19.1635675461756
"312",1121299200,24,0.938745539404019,-0.0794293201498438,4.696,1.82306688,19.0915302529276
"313",1121302800,1,0.940324413432601,-0.155890496182805,4.664,2.52497152,18.9870743130556
"314",1121306400,2,0.936509023098868,-0.00692872812288823,4.632,2.6562824,19.0527116063036
"315",1121310000,3,0.938209047764998,0.115588315355668,4.608,2.50700144,18.9246370198076
"316",1121313600,4,0.943950875040031,0.233987346921625,4.6,3.30643344,18.7901624333115
"317",1121317200,5,0.972933863600722,0.470690621945815,4.576,2.58787792,18.6588878468155
"318",1121320800,6,0.975299099497673,0.282568079870816,4.204,2.92762032,18.4263573204475
"319",1121324400,7,0.952069165570728,0.156715875327813,3.64,1.29732688,18.2106267940794
"320",1121328000,8,0.968124198904457,0.737212943136889,3.34,0.5215408,17.7847657413433
"321",1121331600,9,0.96953564068758,0.723216203291733,3.26,0.33159728,17.2144114554871
"322",1121335200,10,0.980389219255398,0.698851287194176,3.204,0.23155424,16.659257169631
"323",1121338800,11,0.982848900702685,0.623907745176436,3.12,0.30163184,16.2449774702709
"324",1121342400,12,0.975407342944332,0.769662347858868,2.996,0.36568928,15.8026604776627
"325",1121346000,13,0.961905993717822,0.740157378069518,2.876,0.38755744,15.4123807783026
"326",1121349600,14,0.934804152734882,0.732057118214177,2.756,0.84716608,15.0101010789425
"327",1121353200,15,0.85856522548925,-0.0207265862272378,2.652,3.44330944,14.4977281464624
"328",1121356800,16,0.822130480986739,-0.346723660745206,2.592,4.13368272,13.8808992741102
"329",1121360400,17,0.820090473446263,-0.349837206948394,2.572,2.91404752,13.163577168638
"330",1121364000,18,0.836451421108123,-0.247611205435553,2.556,2.4858944,12.3887380705576
"331",1121367600,19,0.827995620393807,0.0235446113089851,2.524,1.5737704,11.7037973184614
"332",1121371200,20,0.831051519461337,0.768607407034042,2.476,1.3821432,10.9051446866211
"333",1121374800,21,0.820847016496376,0.94456315169213,2.432,1.06594384,9.94546829529276
"334",1121378400,22,0.837458490574206,0.846089531498882,2.432,2.76384656,9.10117837020447
"335",1121382000,23,0.854534551673019,0.862568091042529,2.432,1.97997344,8.52827491135626
"336",1121385600,24,0.830614967478692,0.849664663018787,2.44,2.6698576,7.91327821938802
"337",1121389200,1,0.842899003529506,0.876728943533818,2.452,3.32220464,7.26732212869954
"338",1121392800,2,0.837248369730838,0.885904964910098,2.444,4.84215264,6.72056603801106
"339",1121396400,3,0.827253757985207,0.902093573632455,2.46,6.56779024,7.01325054860235
"340",1121400000,4,0.821635620082156,0.894931799804128,2.476,9.79355312,7.92220453282558
"341",1121403600,5,0.851383105694487,0.9004583869881,2.492,12.76078464,8.53481445692084
"342",1121407200,6,0.856947478032047,0.886927405209398,2.52,13.22380624,7.97388212572045
"343",1121410800,7,0.874916116657217,0.80721855922676,2.548,14.43653856,7.45294979452006
"344",1121414400,8,0.89760176972475,0.745207711630854,2.604,11.0574656,7.37130047071154
"345",1121418000,9,0.931765235254325,0.373757234739248,2.68,12.45069696,7.44808844015104
"346",1121421600,10,0.953950932252637,0.43119354798576,2.756,13.14734224,7.71085776296653
"347",1121425200,11,0.961444931053696,0.384338406704299,2.816,12.25810336,7.48611189800622
"348",1121428800,12,0.970536803357554,0.339303879115011,2.884,10.88199712,7.29611009317389
"349",1121432400,13,0.975404352622371,0.564007422400392,2.944,11.99301392,7.12263881470961
"350",1121436000,14,0.978300107988859,0.603205458263648,3.004,12.8991536,6.87571670923739
"351",1121439600,15,0.981108113039623,0.462848057636687,3.084,14.73610688,6.63028272402113
"352",1121443200,16,0.980437362156701,0.158425603669931,3.176,14.32951552,6.46172332530089
"353",1121446800,17,0.982830861304053,0.0660225352211306,3.288,16.28728336,7.34834347512432
"354",1121450400,18,0.972823480886583,0.460746353214995,3.468,5.9454504,8.51694497832374
"355",1121454000,19,0.963966036400018,0.481927508350892,3.584,12.326864,9.81510076737931
"356",1121457600,20,0.965534351685313,0.418478538618022,3.724,11.62585808,10.4636192631869
"357",1121461200,21,0.96693050532316,0.386675226743724,3.912,6.28351104,10.5171158043386
"358",1121464800,22,0.967509376630129,0.290612735706531,4.06,6.5110312,10.5349479847226
"359",1121468400,23,0.966136034526424,0.142332711398229,4.168,8.6765384,10.5269936988664
"360",1121472000,24,0.968902807625509,-0.09637970468009,4.296,9.33058464,10.4734394130103
"361",1121475600,1,0.960272331305175,-0.456737682065654,4.544,5.36758496,10.4512343001462
"362",1121479200,2,0.966833819129702,-0.536303956576617,4.792,6.20643168,12.2250833223218
"363",1121482800,3,0.974821709644162,-0.300685588124711,5.16,8.10576,13.8598069309934
"364",1121486400,4,0.981148663547076,-0.188924380434389,5.556,9.02809328,14.6019085850093
"365",1121490000,5,0.98378027815802,-0.399904108544481,5.94,11.3858072,16.0714424194091
"366",1121493600,6,0.976229270863674,-0.572558927792266,6.14,10.27644336,16.2093864795371
"367",1121497200,7,0.975702563403192,-0.218678720034096,6.34,8.74439216,16.6229576071849
"368",1121500800,8,0.973782282229999,-0.442930804305189,6.608,8.92816032,16.8786592612008
"369",1121504400,9,0.973584682234069,-0.529303126272828,6.868,10.347076,17.2788168550887
"370",1121508000,10,0.970679587249685,-0.593171384899841,7.132,10.92857824,18.3534947496165
"371",1121511600,11,0.961881895844715,-0.45175833832785,7.292,11.52584464,19.3130472306403
"372",1121515200,12,0.959516609078268,-0.495632612467852,7.464,13.9261536,20.9868589595679
"373",1121518800,13,0.956554187152042,-0.277801701792581,7.608,13.0579584,22.3720198614875
"374",1121522400,14,0.952422391810409,-0.113343792400931,7.72,14.87246224,23.7535248235352
"375",1121526000,15,0.950719485456797,-0.0208763432751515,7.856,17.29498176,25.1888619659667
"376",1121529600,16,0.945625942247845,0.140431380234441,7.976,14.9564736,25.4992703868626
"377",1121533200,17,0.917403589885127,-0.232529569569058,8.272,12.76889456,30.1374057244618
"378",1121536800,18,0.910946097814471,-0.544510620573373,8.572,10.77492048,29.6960294839499
"379",1121540400,19,0.926547775371101,-0.529747830035064,8.796,11.52109664,29.036746476558
"380",1121544000,20,0.909637879691191,-0.354964832556466,9.028,10.76409792,27.8163482813903
"381",1121547600,21,0.901930054677549,-0.0541548768980792,9.136,8.68287024,27.5668974543824
"382",1121551200,22,0.911996723235572,0.128911389405325,9.172,12.07916688,29.8969413636939
"383",1121554800,23,0.926362181728646,0.111156327255732,9.248,21.48460576,38.8746748964608
"384",1121558400,24,0.928772563871892,0.317543042442943,9.324,27.8375464,46.0223440684599
"385",1121562000,1,0.910526226370243,0.479550067472931,9.368,47.52224144,58.8211182025065
"386",1121565600,2,0.889915711041474,0.0655512186259841,9.572,26.24392112,69.7044974494173
"387",1121569200,3,0.893075252359915,-0.242699737540411,9.76,21.98801648,72.043063464201
"388",1121572800,4,0.866692681127739,-0.0117335080486151,9.824,21.3716128,75.5365684262486
"389",1121576400,5,0.87202725576975,-0.25080355133835,9.924,26.085368,73.852775343945
"390",1121580000,6,0.864029507935003,-0.0206135754033698,9.936,25.40184032,71.1071500812575
"391",1121583600,7,0.864740041319533,-0.0562770368040887,10.028,28.8368688,72.4039212089053
"392",1121587200,8,0.87044107134384,0.378140510412659,10.092,33.77702256,74.437082110825
"393",1121590800,9,0.872921460512606,0.146683355768922,10.144,35.13600512,77.1499819600085
"394",1121594400,10,0.851702544517659,-0.156339923476776,10.256,33.29956656,77.5497954937685
"395",1121598000,11,0.879973787776849,-0.350599060588608,10.352,30.23923216,77.5497954937685
"396",1121601600,12,0.879162874338358,-0.225469963439826,10.564,25.20910832,77.4046514336405
"397",1121605200,13,0.891205138549975,-0.205954389992214,10.744,24.35495136,76.3027362458647
"398",1121608800,14,0.886258155618034,0.123465107089746,10.936,20.82359408,75.8145413587288
"399",1121612400,15,0.863147549940747,0.111061789977695,11.164,20.35093792,76.2787735391127
"400",1121616000,16,0.875332646443525,0.444479532130409,11.248,17.98198016,76.0052854188567
"401",1121619600,17,0.850406125418666,0.381348705481014,11.648,17.39926112,76.3742430127446
"402",1121623200,18,0.834270438450178,0.313166760500836,11.6,19.33874432,71.9218279757853
"403",1121626800,19,0.811200628929759,-0.0879245853501507,11.532,25.62852976,71.3020433143776
"404",1121630400,20,0.81856340341109,0.147703657787969,11.36,30.69974432,70.6726959462178
"405",1121634000,21,0.833443917126016,0.120276296540236,11.328,33.90620928,70.8057281266018
"406",1121637600,22,0.789320033337389,0.212773305200609,11.576,22.87230128,72.8113076751454
"407",1121641200,23,0.852917743657762,0.70010355838911,12.148,12.21878144,70.4573010590819
"408",1121644800,24,0.839756997359427,0.758790632974495,12.648,10.71397248,61.538236999947
"409",1121648400,1,0.874919097775198,0.716770437304789,13.34,12.25614224,54.4876000083319
"410",1121652000,2,0.895919512577887,0.665345827949442,13.988,14.3250704,41.9044902350531
"411",1121655600,3,0.891163969395865,0.563450043045322,14.124,15.1363472,31.4525515894221
"412",1121659200,4,0.890507019162276,0.542411982006617,14.316,17.88674864,27.5239500862227
"413",1121662800,5,0.86521834101894,0.520900693779833,14.1,4.64961872,22.3957215155034
"414",1121666400,6,0.890758447991818,0.601685934342898,13.848,4.71042704,22.4676096357594
"415",1121670000,7,0.887886819107983,0.671915263822414,13.94,3.9023288,22.4160655756314
"416",1121673600,8,0.884504173747179,0.709468475162322,14.12,3.19916512,19.8432776061919
"417",1121677200,9,0.869917368078392,0.696031675415558,14.356,4.91114,17.4264896367524
"418",1121680800,10,0.863506243221957,-0.00765408197447924,14.396,10.07414944,14.5026135470569
"419",1121684400,11,0.861198715046632,-0.125192845611278,14.396,12.62685488,13.4089221187692
"420",1121688000,12,0.862541494510191,0.230593138465217,14.384,9.20630272,11.9206730965936
"421",1121691600,13,0.863622396189156,0.17106582486006,14.28,7.4076584,10.6890003149299
"422",1121695200,14,0.857485594792246,-0.115997079937158,14.236,8.05772784,10.1937918940341
"423",1121698800,15,0.843627909336244,0.00252664311599872,14.272,10.56131872,9.33876993937834
"424",1121702400,16,0.848013116924258,-0.0836946821750161,14.248,11.21318688,7.45512603006682
"425",1121706000,17,0.86529126210934,-0.0564799442286881,14.3,8.04817312,6.32196512814717
"426",1121709600,18,0.902039714567566,0.0168964532481662,13.96,9.40927408,5.65696182011541
"427",1121713200,19,0.912290713514465,-0.00644858512001303,13.828,7.56060128,5.46526016609954
"428",1121716800,20,0.918824150751967,-0.0315931627313722,13.688,6.00301984,5.5031669329795
"429",1121720400,21,0.916859458689015,-0.00385932075071862,13.724,3.81832752,5.72321264712335
"430",1121724000,22,0.88749636352806,0.146973327419872,13.9,6.98909024,5.80313806062732
"431",1121727600,23,0.896126982692383,0.240493039172364,13.644,2.61730304,3.46783821144378
"432",1121731200,24,0.889555228175688,0.067045496371472,13.1,1.07114736,3.60087039182771
"433",1121734800,1,0.883897948180325,-0.157275116973274,12.636,1.08754752,3.56254497832374
"434",1121738400,2,0.865211099155543,0.348493262591487,12.016,0.685377760000001,3.45902979054794
"435",1121742000,3,0.826475877431051,-0.186106662292772,11.488,3.39232592,3.29643490341203
"436",1121745600,4,0.791835342207196,-0.0935698356065146,11.188,5.6665088,2.93958918926817
"437",1121749200,5,0.85739901597189,-0.166740716884239,10.808,4.36816512,2.74179430213226
"438",1121752800,6,0.844582319206589,-0.159812289597543,10.832,7.75910144,2.63954347512432
"439",1121756400,7,0.860101440915157,0.0196788558021028,10.82,1.68563552,2.58841806162035
"440",1121760000,8,0.853016919000619,-0.00317281422014126,10.56,1.75807264,2.55805535486837
"441",1121763600,9,0.843831297581718,0.191957538015609,10.3,2.22488384,2.85177565550825
"442",1121767200,10,0.818760389284436,0.34806189136272,10.016,7.99610672,3.77270437704397
"443",1121770800,11,0.81330924693691,0.452675498875167,9.864,7.53333264,5.80084151947553
"444",1121774400,12,0.813690822592902,0.527269512399568,9.66,5.76844112,6.98409565451522
"445",1121778000,13,0.810560212264096,0.453781242473912,9.504,3.38641568,7.39766678216304
"446",1121781600,14,0.823345913032935,0.490001977595272,9.42,3.93408176,7.72738708280293
"447",1121785200,15,0.825627749781397,0.458611926308501,9.296,3.33211472,8.13025144357079
"448",1121788800,16,0.791228405982179,0.615112207266423,9.048,2.24411936,7.9925311429309
"449",1121792400,17,0.771113724360656,0.369399244172582,8.868,2.74273968,7.9925311429309
"450",1121796000,18,0.751868791768823,0.275557863270962,8.74,3.01270832,7.96384302267495
"451",1121799600,19,0.757777015749051,0.172596901803916,8.676,3.61754144,7.93050407541106
"452",1121803200,20,0.76638536522417,0.251841526466401,8.696,3.45841392,7.92554648152316
"453",1121806800,21,0.769401614928645,0.0826231407578938,8.772,4.1883672,7.88790076737931
"454",1121810400,22,0.85683830958804,0.496175468554035,8.788,4.10855248,7.66427369985946
"455",1121814000,23,0.855166658632755,-0.505882246100275,8.552,5.82311328,7.50244151947553
"456",1121817600,24,0.834562364343212,-0.178613551334851,8.588,6.27691296,7.47207881272355
"457",1121821200,1,0.785070147300537,-0.251284228588891,8.572,7.58384016,7.27081445195569
"458",1121824800,2,0.847480877734344,-0.124021863152449,8.468,4.9898056,7.23732633169973
"459",1121828400,3,0.792639859067244,-0.290701558314259,8.424,5.76468128,7.25977204584358
"460",1121832000,4,0.74507565665592,-0.470489566071429,8.348,8.43770159999999,7.32167881272355
"461",1121835600,5,0.759645369771652,0.079055168891492,8.304,5.02262752,7.41954828635549
"462",1121839200,6,0.762567286065851,0.120535971499373,8.272,4.9134704,7.49745505323545
"463",1121842800,7,0.784148507553801,0.232986067501631,8.256,4.492136,7.44362287285152
"464",1121846400,8,0.797872090851317,-0.0947102061160353,8.248,6.8664104,7.40567039182771
"465",1121850000,9,0.860335200166317,-0.501961005327074,8.308,10.03803056,7.32501114392393
"466",1121853600,10,0.864430818288342,0.0905090760739592,8.452,15.96366704,6.98385024200428
"467",1121857200,11,0.92022965623782,0.6099511369678,8.68,17.60164384,6.1006995658128
"468",1121860800,12,0.923321302390501,0.492343680153218,8.84,23.45481056,4.0863777619735
"469",1121864400,13,0.924283418052216,0.5473949514441,8.932,17.7584096,2.87812031890206
"470",1121868000,14,0.918094367350086,0.0558228390442296,8.992,14.91659664,2.50663400347843
"471",1121871600,15,0.918151060929248,0.0931558051350299,9.064,16.58743584,2.2677528009189
"472",1121875200,16,0.900404152771513,-0.596775889356775,9.004,13.23220256,1.91485295173536
"473",1121878800,17,0.911350756147829,-0.563499279569501,9.004,9.26957264,2.13937505720757
"474",1121882400,18,0.924445750820171,-0.520716928690088,8.98,7.15508496,2.37037174917582
"475",1121886000,19,0.939050351495663,-0.513927590003037,8.924,6.88662304,2.70376844114407
"476",1121889600,20,0.949505841182636,-0.812148435842773,8.872,5.5718456,3.01141596012025
"477",1121893200,21,0.956799135727935,-0.778054049813003,8.796,5.47345792,3.51597535884049
"478",1121896800,22,0.951830515780668,-0.834357228212962,8.716,7.55289776,4.10537205080873
"479",1121900400,23,0.937252405076271,-0.662626345301005,8.68,8.03495088,4.80542979551309
"480",1121904000,24,0.921532606521239,-0.804576018941526,8.672,12.99439408,5.38254859295355
"481",1121907600,1,0.931732934380707,-0.738845524929601,8.6,15.23092512,5.99368603701803
"482",1121911200,2,0.928719397928075,-0.841829762259727,8.576,14.75846368,6.7241810749704
"483",1121914800,3,0.933884568685597,-0.16529335144957,8.652,11.06805888,7.29616423317872
"484",1121918400,4,0.933197636484131,0.0541078938341672,8.672,15.9784552,7.85709656437911
"485",1121922000,5,0.936072206954221,-0.381760199483702,8.7,21.14762432,8.30614077532355
"486",1121925600,6,0.934447590016122,-0.662707531430323,8.72,31.27821632,8.80329686601202
"487",1121929200,7,0.934774912832023,-0.0724461282551557,8.684,17.49901936,9.18841566345249
"488",1121932800,8,0.925150088932593,-0.484650859669478,8.588,14.43893424,9.76318017503681
"489",1121936400,9,0.937303691676651,-0.794187309121847,8.472,12.27463824,10.332120927133
"490",1121940000,10,0.949414064903814,-0.957161568383139,8.292,16.84389872,10.8618243859812
"491",1121943600,11,0.950415297104269,-0.950569323056336,8.024,11.2940176,11.3722905515814
"492",1121947200,12,0.93763259004471,-0.54639422047323,7.664,7.35510752,11.7194075441896
"493",1121950800,13,0.938092302859752,-0.670025086208451,7.376,10.89260784,12.1817991232937
"494",1121954400,14,0.935986469526816,-0.54604410987104,7.18,9.44010896,12.6698279956459
"495",1121958000,15,0.943791925459411,-0.571177758439859,6.94,11.73735328,13.1578568679981
"496",1121961600,16,0.945681967796054,-0.633028866407224,6.704,15.08996336,13.6477925072302
"497",1121965200,17,0.948566138749018,-0.625430281285258,6.592,10.86467072,14.1269467930864
"498",1121968800,18,0.954008425792509,-0.494154947864699,6.464,9.32703328,14.6365010789425
"499",1121972400,19,0.963671283692026,-0.386491928213978,6.336,8.32044736,15.1612553647987
"500",1121976000,20,0.969008893871208,-0.427731602710014,6.24,6.21961936,15.5995350641588
"501",1121979600,21,0.969217559818231,-0.491804304901213,6.12,5.36641776,16.0962520567669
"502",1121983200,22,0.975475975549176,-0.39409345377977,5.992,2.66314864,16.388019876383
"503",1121986800,23,0.978145751653312,-0.354412813431822,5.808,1.6015728,16.7013876959991
"504",1121990400,24,0.981394519117688,-0.489269921084027,5.568,1.4712416,16.9959368689911
"505",1121994000,1,0.985514852502637,-0.600357044829536,5.324,1.9418216,17.2904860419832
"506",1121997600,2,0.986217893636867,-0.629358755259688,5.132,1.82870304,17.5914352149752
"507",1122001200,3,0.988034132663414,-0.102260633445529,4.964,1.0807072,17.8923843879673
"508",1122004800,4,0.989291232643114,-0.423847509344027,4.764,1.18974192,18.3966454407034
"509",1122008400,5,0.986944575810251,-0.835054040153332,4.54,1.61502832,18.8700878468155
"510",1122012000,6,0.984631649064751,-0.879476641771985,4.292,1.54731408,19.4163675461756
"511",1122015600,7,0.981968146865154,-0.913528477089338,4.052,2.26359376,19.9542285989117
"512",1122019200,8,0.983729798828366,-0.935335776323131,3.888,2.44781744,20.5869455915199
"513",1122022800,9,0.979542102096232,-0.802400266198034,3.772,1.8960176,21.13322529088
"514",1122026400,10,0.980545964742828,-0.767967475234789,3.664,2.04330256,21.6915049902401
"515",1122030000,11,0.975422782266007,-0.684137953695674,3.564,3.18857904,22.2377846896002
"516",1122033600,12,0.974704025057804,-0.579408603549807,3.496,2.58223808,22.8268830355843
"517",1122037200,13,0.973204837231174,-0.527791859215082,3.412,3.05733008,23.6192932613125
"518",1122040800,14,0.968784041646014,-0.644135931414497,3.32,3.3092096,24.1655729606726
"519",1122044400,15,0.971369170367563,-0.547851633077348,3.228,4.89024208,24.6286153667847
"520",1122048000,16,0.957739527303217,-0.596074200863113,3.156,3.77828416,25.0916577728968
"521",1122051600,17,0.953145412533231,-0.652457940279975,3.08,3.96914576,25.1985137127688
"522",1122055200,18,0.930632326839754,-0.617519307301518,3.004,3.12759456,25.4478442391369
"523",1122058800,19,0.910486073913507,-0.377181562785768,2.928,3.32439328,25.6299374722569
"524",1122062400,20,0.920168365240093,-0.311300555994224,2.868,3.68454112,25.5951188256329
"525",1122066000,21,0.913414894771648,0.428836258559766,2.8,0.973076,25.5262815323849
"526",1122069600,22,0.927634091680466,0.451694959515713,2.764,1.35844976,25.4906628857609
"527",1122073200,23,0.927582692857463,0.582384891949315,2.728,1.01117328,25.4202255925129
"528",1122076800,24,0.940706687655498,0.722429033387246,2.696,0.61509232,25.1384764195208
"529",1122080400,1,0.951958462872759,0.844012194726628,2.664,0.37270752,24.6858340134087
"530",1122084000,2,0.960372222768921,0.887256808552208,2.632,0.35425104,24.2632102539206
"531",1122087600,3,0.970699783138251,0.930824853474407,2.6,0.40816592,23.7701492011845
"532",1122091200,4,0.973228091999762,0.943521307353786,2.544,0.28856832,23.2770881484484
"533",1122094800,5,0.976293320457414,0.962587748458293,2.492,0.3478064,22.6851711558403
"534",1122098400,6,0.981039521256756,0.967781155697901,2.432,0.15516368,22.0656355166082
"535",1122102000,7,0.981982809061795,0.967433599788978,2.376,0.0877153600000001,21.377262584128
"536",1122105600,8,0.983194252176921,0.971085704507228,2.308,0.10223968,20.5512150651518
"537",1122109200,9,0.984171350266701,0.972589916776594,2.248,0.0928961600000001,19.7251675461756
"538",1122112800,10,0.98534540956175,0.966434081472362,2.188,0.13308624,18.8926827339514
"539",1122116400,11,0.98458018043235,0.963277449143397,2.128,0.1087544,17.9192860419832
"540",1122120000,12,0.986441577400097,0.964492185295578,2.064,0.22461072,17.045163936511
"541",1122123600,13,0.984203728887198,0.974525577514033,1.976,0.40957072,15.9936740114227
"542",1122127200,14,0.984539047533412,0.966057507172957,1.916,0.83716816,14.8681654397104
"543",1122130800,15,0.97850197853393,0.846491101953946,1.864,1.31332256,13.7690279956459
"544",1122134400,16,0.973032953826903,0.685088319117099,1.812,3.547212,13.2745870927332
"545",1122138000,17,0.9636673795698,0.732722442624008,1.8,8.297924,14.1363494978523
"546",1122141600,18,0.954222458699659,0.77071870159109,1.772,12.74340624,15.1922051360914
"547",1122145200,19,0.954440843298502,0.846065881378353,1.752,15.038424,15.2687777669386
"548",1122148800,20,0.950420040024806,0.849562723244278,1.756,14.55642224,15.017918217402
"549",1122152400,21,0.9648453607127,0.5951938136435,1.764,15.43464576,14.6369570138494
"550",1122156000,22,0.958445233010358,0.869681692040897,1.768,16.03282144,13.934117915769
"551",1122159600,23,0.963832073853282,0.889478745152359,1.776,16.65305744,13.3185245318325
"552",1122163200,24,0.967306589643217,0.958049534856221,1.808,18.56272608,12.8276565614
"553",1122166800,1,0.972203726160588,0.926615122532186,1.86,19.8073432,12.4780072375915
"554",1122170400,2,0.976351491317941,0.860721893717989,1.908,22.97304128,12.179251146903
"555",1122174000,3,0.979176093656703,0.842886769594474,1.964,23.68696352,12.0099458832225
"556",1122177600,4,0.983390114099177,0.800666372509115,2.02,22.43202064,11.605701672278
"557",1122181200,5,0.982349420452448,0.811638686800737,2.088,23.4198872,11.6966658822295
"558",1122184800,6,0.984856223604788,0.835977939387922,2.16,22.68118096,11.8452673854289
"559",1122188400,7,0.985226170630012,0.837293755485214,2.24,22.44640464,12.4216824223882
"560",1122192000,8,0.985237177807727,0.848725021269637,2.336,23.18570128,12.8681906924676
"561",1122195600,9,0.985224093023696,0.819633160512325,2.432,23.42493008,13.222010842291
"562",1122199200,10,0.985371723517487,0.678809016418892,2.536,19.36270912,13.2987988117305
"563",1122202800,11,0.985924649935509,0.466747745283359,2.664,13.83762176,13.2766105406581
"564",1122206400,12,0.984903465191671,0.436264299929638,2.776,15.85401936,13.3321341493297
"565",1122210000,13,0.983088526920529,0.365588477322377,2.924,15.37136528,13.4654899383853
"566",1122213600,14,0.985045170031167,0.169713618231126,3.076,19.9823552,14.5149660280808
"567",1122217200,15,0.978173459886145,-0.141162248055864,3.32,8.1695096,17.139082719056
"568",1122220800,16,0.987424410578892,0.0108701519625029,3.672,6.99744112,18.8548012148635
"569",1122224400,17,0.995576398201275,0.0469760895192586,4.152,6.27057552,19.8943164026393
"570",1122228000,18,0.996870536903133,-0.145136700226534,4.612,5.84701696,19.5776282823834
"571",1122231600,19,0.995842358646658,-0.54815902485873,5.004,9.76312272,19.1617774553754
"572",1122235200,20,0.99456469109317,-0.729477285309136,5.36,11.78952096,20.1214045228953
"573",1122238800,21,0.993779090599926,-0.733910941356563,5.652,13.47841792,21.881914597807
"574",1122242400,22,0.992451319174393,-0.463443487918424,5.832,16.13162736,23.2112619659667
"575",1122246000,23,0.992085079028355,-0.0149516025175438,6.088,14.52190544,25.5167007624142
"576",1122249600,24,0.991793890888273,-0.469910225013038,6.36,16.7692904,26.5660481305739
"577",1122253200,1,0.990931891194849,-0.5636452063439,6.628,18.96032576,27.2372192582217
"578",1122256800,2,0.989157283947136,-0.467207685752625,6.876,16.5553568,27.3551260251017
"579",1122260400,3,0.987910459842632,-0.207692876222318,7.156,15.55252832,27.1837311379658
"580",1122264000,4,0.986080844718263,-0.065130859247188,7.38,14.55456832,26.8644481305739
"581",1122267600,5,0.983223204889377,0.10194425851805,7.688,12.15362624,26.720821063054
"582",1122271200,6,0.980464726388809,0.291370716605266,7.988,8.6450328,26.0831296347663
"583",1122274800,7,0.976591624685985,0.181386439001633,8.328,7.48919296,25.4474195598546
"584",1122278400,8,0.978102311943673,0.0941328026875845,8.648,7.59171552,24.4561654248149
"585",1122282000,9,0.975592276190736,0.167037597273222,8.944,7.61520144,23.8229756505431
"586",1122285600,10,0.967041416962881,-0.296788411903347,9.204,8.61490704,23.6019061769112
"587",1122289200,11,0.960782279568839,-0.13315373374388,9.416,9.44409072,24.220770537679
"588",1122292800,12,0.960602624179737,-0.204292083100946,9.604,9.73971376,25.4872992592147
"589",1122296400,13,0.961412522134756,0.0110090797482006,9.828,8.55658672,28.2637431685263
"590",1122300000,14,0.945070273387766,0.599759768983991,10.112,6.7782472,32.0396192582217
"591",1122303600,15,0.887295724384672,-0.476078540951948,10.516,15.14225952,34.4068733932614
"592",1122307200,16,0.897464942056553,-0.792067229726593,10.748,17.79451344,35.2610496337733
"593",1122310800,17,0.914287268403444,-0.800596807499915,10.852,27.36745568,38.8077359491969
"594",1122314400,18,0.872216733869936,-0.661215910593431,10.828,29.42321712,42.7887103848765
"595",1122318000,19,0.887680220128375,-0.535064138363766,10.796,27.40164064,48.3821864745719
"596",1122321600,20,0.906177241610082,-0.711161047909569,10.876,26.3295784,53.2429744440114
"597",1122325200,21,0.915523009711658,-0.758633529816997,11.024,31.50007088,57.632330233067
"598",1122328800,22,0.92385971062607,-0.863901209166829,11.164,30.7521072,61.7513979018666
"599",1122332400,23,0.936551977035902,-0.468947640866396,11.456,27.16852096,65.9167536909222
"600",1122336000,24,0.927709674311236,0.275158131787025,11.596,19.39949104,65.0950333902823
"601",1122339600,1,0.919610410125598,0.0910551267377238,11.688,23.86278944,69.5482400063458
"602",1122343200,2,0.889956010111868,0.155283854668288,11.708,29.22522992,78.234644817577
"603",1122346800,3,0.895504477038478,0.63820642810018,11.664,29.0239464,80.1958057194966
"604",1122350400,4,0.919676747201562,0.609091757291684,11.596,30.83689504,81.0003903809044
"605",1122354000,5,0.941712924796619,0.831118116478295,11.516,29.32805088,82.1196445159441
"606",1122357600,6,0.952288480384348,0.850631624526623,11.364,27.68105216,83.0399308313677
"607",1122361200,7,0.958909812536733,0.756500986020927,11.216,25.08830928,83.5001341393994
"608",1122364800,8,0.962698575868378,0.585127056868483,11.056,21.93326016,84.0734815075592
"609",1122368400,9,0.961176977949227,0.441103706598644,10.968,23.19738688,84.543015341959
"610",1122372000,10,0.954530682000289,0.411514537644051,10.94,21.26647472,85.2141864696068
"611",1122375600,11,0.96202043562775,0.524998909009933,11.012,18.44644672,85.5056186499907
"612",1122379200,12,0.959976429839984,0.646896546741458,11.156,17.89316512,84.6361594020869
"613",1122382800,13,0.965980837801498,0.701629758921787,11.404,13.69637104,83.3296679737992
"614",1122386400,14,0.979662216645733,0.736757614132949,11.688,8.54332944,80.5532240644877
"615",1122390000,15,0.984117630904882,0.758843554615941,11.848,9.1207992,76.5088090275284
"616",1122393600,16,0.987064070730795,0.727519551457597,11.896,11.82566848,73.033538050697
"617",1122397200,17,0.985641308907238,0.808571386995267,12.092,10.38334592,69.4826857204897
"618",1122400800,18,0.981542136092443,0.846847571661868,12.312,9.70006992,64.2845503828904
"619",1122404400,19,0.972586099703026,0.861738943223805,12.596,9.0123568,59.388786172939
"620",1122408000,20,0.97361045490291,0.813062625058238,12.856,9.69822944,56.8724709851632
"621",1122411600,21,0.978534169877687,0.612093416444181,13.08,13.5949144,60.507074293195
"622",1122415200,22,0.966396476849493,0.457220816572135,13.28,22.03867584,69.8369317362664
"623",1122418800,23,0.96986406771998,0.260323805641374,13.504,42.36642624,97.8546363966811
"624",1122422400,24,0.967487333725726,0.222011148159672,13.444,46.72269152,103.693704065481
"625",1122426000,1,0.961752224795231,-0.0608157123725769,13.7,55.75054912,109.173580155176
"626",1122429600,2,0.964136136106101,-0.408033123375039,14.128,77.84166832,112.27023940308
"627",1122433200,3,0.954854213591205,-0.510765508267775,14.308,72.4025848,111.186807222696
"628",1122436800,4,0.951605100476556,-0.433000872415102,14.44,63.35504848,111.983383463208
"629",1122440400,5,0.946377893923346,-0.129249485041993,14.6,58.37497008,113.00377323748
"630",1122444000,6,0.94360468630858,-0.11048587160905,14.796,62.23256144,113.48358677124
"631",1122447600,7,0.938306905568785,0.198768228991047,14.924,63.1675664,113.907400305
"632",1122451200,8,0.934366248897445,0.174437300679645,15.064,65.3086152,114.698990079271
"633",1122454800,9,0.926112809412675,0.476462044442814,15.164,60.87331664,114.161912184744
"634",1122458400,10,0.923835624570482,0.429406076564166,15.256,60.59924336,113.683996996968
"635",1122462000,11,0.925208943649004,0.20928320158865,15.292,65.01887168,112.76329203492
"636",1122465600,12,0.924793651313765,0.259140818809136,15.176,73.47004336,111.955768426249
"637",1122469200,13,0.933139172811429,0.325929737451466,15.024,72.65948528,111.764327824969
"638",1122472800,14,0.938032132187369,0.409339321622174,14.776,73.33880112,111.574561810185
"639",1122476400,15,0.946482282420573,0.464059176036658,14.436,79.99676032,111.357595795401
"640",1122480000,16,0.946806208922054,0.589762819286649,14.108,88.69892432,111.40268572049
"641",1122483600,17,0.947914797984352,0.506310236699101,13.776,90.29498176,111.637412938826
"642",1122487200,18,0.948760959147952,0.593748411471825,13.376,89.63676544,111.872140157162
"643",1122490800,19,0.944199119184925,0.621523849222104,13.068,87.95030016,112.119360608619
"644",1122494400,20,0.90380677765507,0.896329454959425,12.964,56.78337472,111.718609932427
"645",1122498000,21,0.921891892766681,0.908386825007461,13.092,35.51078176,107.157722113804
"646",1122501600,22,0.939718490190109,0.943492113642659,13.38,26.6698768,97.2328920398854
"647",1122505200,23,0.950408258007813,0.947663940948477,14.044,24.58770912,81.603589184303
"648",1122508800,24,0.936286064814128,0.967290850023486,14.244,15.5496176,47.1133323444974
"649",1122512400,1,0.942649789267801,0.945824456373143,14.528,10.33851728,35.5648752030589
"650",1122516000,2,0.948434558469888,0.938577420949864,14.644,11.75139504,28.7745281365321
"651",1122519600,3,0.963173430639176,0.807675685118882,14.608,37.83406448,20.1456234761173
"652",1122523200,4,0.967417506410926,0.803067947360702,14.656,24.21641344,11.6621323494626
"653",1122526800,5,0.965214457864844,0.788477687438844,14.744,15.65390848,8.54399701186333
"654",1122530400,6,0.965933965977219,0.733949378966463,14.784,14.8839456,6.64130227554388
"655",1122534000,7,0.966979015554715,0.649333718447809,14.824,14.85264384,4.95293295272839
"656",1122537600,8,0.966649162249639,0.552042331491141,14.912,11.97535728,3.6147398704248
"657",1122541200,9,0.963939138183132,0.368322256827756,14.8,10.08220864,2.36770949487321
"658",1122544800,10,0.962815200686026,0.325997761612095,14.696,8.22442192,2.35334678812122
"659",1122548400,11,0.972373518311918,0.28254334005634,14.504,6.5545288,2.31985866786527
"660",1122552000,12,0.976066680271492,0.751624733964541,14.316,4.10778832,2.46390438200912
"661",1122555600,13,0.977583856726188,0.727813377782679,14.196,3.11957792,2.49449926914504
"662",1122559200,14,0.978475855380414,0.56809579386743,14.06,2.969092,2.60470438200912
"663",1122562800,15,0.979206009434978,0.710618052145598,13.924,2.67488368,2.81498408136924
"664",1122566400,16,0.979302969701974,0.794119983624552,13.776,2.0854416,2.97642648748134
"665",1122570000,17,0.978868637716331,0.758687898569821,13.62,1.11892464,2.91875190098531
"666",1122573600,18,0.97894798682555,0.626766318606834,13.464,1.16085168,2.80344002124126
"667",1122577200,19,0.980915740219682,0.559984729607766,13.288,1.3911144,2.70534678812122
"668",1122580800,20,0.987115218470553,0.489498121711852,13.02,1.25039776,2.58043490837718
"669",1122584400,21,0.988235656672196,0.46987381293446,12.524,1.1823128,2.52157896850515
"670",1122588000,22,0.986748522462112,0.679303705385991,11.844,0.88510336,2.64972814149721
"671",1122591600,23,0.988385595866819,0.124698928870245,11.008,1.60613936,2.82275190098531
"672",1122595200,24,0.990711044387137,-0.262024902322187,9.776,2.30722896,3.02461295372142
"673",1122598800,1,0.991549982531448,0.418567788395172,9.016,1.60362384,3.26007400645752
"674",1122602400,2,0.990916625751382,0.566643281343139,8.404,2.01148528,3.4522604726976
"675",1122606000,3,0.988686200093491,-0.626624331066776,7.74,2.86986464,3.7385028788097
"676",1122609600,4,0.986779511586899,-0.72191814978769,7.116,3.05338096,4.12763851804184
"677",1122613200,5,0.983801568049147,-0.753395568511625,6.716,4.03868528,4.49764874377001
"678",1122616800,6,0.97790548861622,-0.588171037916563,6.436,3.14514768,4.62583521001009
"679",1122620400,7,0.973926674263287,-0.570081145472825,6.172,3.6364824,4.89630137561028
"680",1122624000,8,0.963628524692975,-0.548012271990625,5.956,7.67266224,5.10791160133845
"681",1122627600,9,0.959219860655974,-0.515983453596615,5.748,11.94766528,5.51178287980273
"682",1122631200,10,0.960127103432219,-0.394650221495361,5.74,13.76510512,5.890435511643
"683",1122634800,11,0.955788016662429,-0.400706791111698,5.716,14.0929216,6.15708814348327
"684",1122638400,12,0.95178863708512,-0.649176420985773,5.792,26.05702624,6.46488483545152
"685",1122642000,13,0.94627826509124,-0.605627001964414,5.836,34.4281376,6.63496122677989
"686",1122645600,14,0.906373607704828,-0.54686910449496,5.792,20.17871552,6.96328844511619
"687",1122649200,15,0.915614644924263,-0.541312866883528,5.732,6.49339552,7.10423761810825
"688",1122652800,16,0.93914777317652,-0.499599008840834,5.68,5.58952128,7.08461897148424
"689",1122656400,17,0.947453483172845,-0.408513600204502,5.696,5.06069872,7.12145626473226
"690",1122660000,18,0.949195947311164,-0.432486957773745,5.72,3.8667256,7.28964273097233
"691",1122663600,19,0.943477088903899,-0.061184263337798,5.74,1.66816272,7.40495461071638
"692",1122667200,20,0.941889936638538,0.041117043456347,5.764,2.49387856,7.4417919039644
"693",1122670800,21,0.947296078886685,0.245399930343421,5.776,2.5334184,7.40655461071638
"694",1122674400,22,0.948742614427002,0.347429386629065,5.744,2.45000448,7.32446137759634
"695",1122678000,23,0.952534624817593,0.516840165243949,5.696,1.98957184,7.18389355798027
"696",1122681600,24,0.947029384747996,0.661686639927284,5.64,1.78134176,7.06896303161222
"697",1122685200,1,0.954935070734134,0.721560446057564,5.584,1.16182528,6.87632062550012
"698",1122688800,2,0.956104498794475,0.769877634381461,5.544,0.762097120000001,6.63004092614
"699",1122692400,3,0.95733336759755,0.192380900852006,5.492,1.19484592,6.3957985200279
"700",1122696000,4,0.960533095313383,0.128814481760785,5.42,0.451735680000001,6.04868152741977
"701",1122699600,5,0.971089878967739,-0.0644443248626274,5.332,0.59751264,5.63230859493961
"702",1122703200,6,0.963426523620785,0.55485418961894,5.292,0.32652288,5.30077295570747
"703",1122706800,7,0.96068511532929,0.813198960179929,5.192,0.14624176,5.20264242933942
"704",1122710400,8,0.962105528480193,0.895569714386878,5.104,0.27948064,4.98958137660331
"705",1122714000,9,0.96187742809481,0.958568289488263,4.96,0.1917856,4.82615761711522
"706",1122717600,10,0.957635360514458,0.926936582074167,4.82,0.0618720000000001,4.50624062450709
"707",1122721200,11,0.953344912353264,0.890846453690278,4.68,0.13206624,4.18910498527495
"708",1122724800,12,0.960152706947202,0.921207887434418,4.552,0.0971924800000001,3.99969987241086
"709",1122728400,13,0.923772558598633,0.896585632891728,4.364,0.0831947199999999,3.77585746629876
"710",1122732000,14,0.84101118533609,0.789345238378807,4.208,0.25457072,3.52957776693865
"711",1122735600,15,0.83873874335157,0.802239778359793,4.176,0.13186608,3.17911160133845
"712",1122739200,16,0.840406768138865,0.8190660128825,4.18,0.11239984,2.93397596210631
"713",1122742800,17,0.849687724566571,0.636340408386484,4.172,0.2135456,2.72285896949818
"714",1122746400,18,0.794670613444565,0.811127736166776,4.132,0.0973516799999997,2.53219791676207
"715",1122750000,19,0.769807392333893,0.644709228456119,4.108,0.22884064,2.35159280389799
"716",1122753600,20,0.772276092808546,0.390057744784702,4.1,0.45358432,2.21986227752993
"717",1122757200,21,0.787459317450418,0.0455986727046118,4.108,0.90379456,2.45204874377001
"718",1122760800,22,0.81854792140102,-0.0558189510181436,4.128,1.42228496,2.6854538566341
"719",1122764400,23,0.830286755986756,-0.0498154327971015,4.164,2.63928528,2.96571490937021
"720",1122768000,24,0.848621139354333,-0.150985505014856,4.192,2.9639904,3.28563190197834
"721",1122771600,1,0.89303825947357,-0.572497547472971,4.244,4.7005704,3.63274889458647
"722",1122775200,2,0.916531541492324,-0.53602672809637,4.304,4.54287744,3.98512182706662
"723",1122778800,3,0.930545941861512,-0.416958867595015,4.356,5.42575856,4.35349475954678
"724",1122782400,4,0.922754419380872,-0.265440905059516,4.424,5.28238512,4.6609931055309
"725",1122786000,5,0.92337017454627,-0.626712093812005,4.504,4.42435296,4.905635511643
"726",1122789600,6,0.939355156254461,-0.306022930438075,4.576,2.97519024,5.1398779177551
"727",1122793200,7,0.953894854999929,-0.143112558492829,4.604,5.26251312,5.06285415826701
"728",1122796800,8,0.959302233670296,0.065124642641545,4.66,7.38263408,5.39319641356265
"729",1122800400,9,0.973368940514603,0.349293782174575,4.708,6.88958576,5.52856242834639
"730",1122804000,10,0.970918934969131,0.164368950280083,4.776,6.85758912,5.47995731548231
"731",1122807600,11,0.971020071275127,0.263672791141168,4.848,7.91087488,5.42224543573826
"732",1122811200,12,0.963412586541477,0.419140152022514,4.892,4.2523544,5.43306408236227
"733",1122814800,13,0.961821089932107,0.370265957491994,4.944,4.66884512,5.4907386688583
"734",1122818400,14,0.957340896132353,0.380493536834524,5.004,4.94642624,5.45828272898628
"735",1122822000,15,0.929888054442143,0.479114652212607,5.104,4.77967184,5.39691490937021
"736",1122825600,16,0.93295828615363,0.483961587729412,5.176,4.926284,5.40655220261822
"737",1122829200,17,0.941564785944081,0.469586834464348,5.244,5.82929952,5.43862678911425
"738",1122832800,18,0.947480753638965,0.469426677441239,5.3,6.06140576,5.63092513509838
"739",1122836400,19,0.922707633159568,0.550123848106282,5.344,5.05584704,5.62330648847437
"740",1122840000,20,0.901993447477704,0.611535451311711,5.372,5.7507616,5.53668272898627
"741",1122843600,21,0.879570525289619,0.520478546262056,5.332,2.70037808,5.4164962627462
"742",1122847200,22,0.925746030971994,0.424318470449312,5.288,2.34033616,5.16549114988211
"743",1122850800,23,0.943400252338518,0.577579892811487,5.232,1.88885584,4.96732333026604
"744",1122854400,24,0.952981039332095,0.606361733401094,5.164,1.7004048,4.76915551064997
